LineId,Date,Time,Pid,Level,Component,Content,EventId,EventTemplate,ParameterList
1,2023-12-02,09:38:36,262,INFO,[main] org.apache.hadoop.mapreduce.v2.app.MRAppMaster,Created MRAppMaster for application appattempt_1701457076904_0422_000001,19b75bb3,Created MRAppMaster for application appattempt_<*>_<*>_<*>,"['1701457076904', '0422_000001']"
2,2023-12-02,09:38:36,484,INFO,[main] org.apache.hadoop.security.SecurityUtil,Updating Configuration,b6c60981,Updating Configuration,[]
3,2023-12-02,09:38:36,616,INFO,[main] org.apache.hadoop.mapreduce.v2.app.MRAppMaster,"Executing with tokens: [Kind: YARN_AM_RM_TOKEN, Service: , Ident: (appAttemptId { application_id { id: 422 cluster_timestamp: 1701457076904 } attemptId: 1 } keyId: -579120151)]",0cd5c477,"Executing with tokens: [Kind: YARN_AM_RM_TOKEN, Service: , Ident: (appAttemptId { application_id { id: <*> cluster_timestamp: <*> } attemptId: <*> } keyId: <*>)]","['422', '1701457076904', '1', '-579120151']"
4,2023-12-02,09:38:36,648,INFO,[main] org.apache.hadoop.conf.Configuration,found resource resource-types.xml at file:/usr/local/revisedJQF/v8/hadoop-3.3.6/etc/hadoop/resource-types.xml,e22de8d1,found resource resource-types.xml at file:/usr/local/revisedJQF/v8/hadoop-<*>.<*>.<*>/etc/hadoop/resource-types.xml,"['3', '3.6']"
5,2023-12-02,09:38:36,662,INFO,[main] org.apache.hadoop.mapreduce.v2.app.MRAppMaster,Using mapred newApiCommitter.,0594ecc2,Using mapred newApiCommitter.,[]
6,2023-12-02,09:38:36,664,INFO,[main] org.apache.hadoop.mapreduce.v2.app.MRAppMaster,OutputCommitter set in config null,c0c8618d,OutputCommitter set in config null,[]
7,2023-12-02,09:38:36,710,INFO,[main] org.apache.hadoop.mapreduce.lib.output.PathOutputCommitterFactory,"No output committer factory defined, defaulting to FileOutputCommitterFactory",9c2ab4d0,"No output committer factory defined, defaulting to FileOutputCommitterFactory",[]
8,2023-12-02,09:38:36,712,INFO,[main] org.apache.hadoop.mapreduce.lib.output.FileOutputCommitter,File Output Committer Algorithm version is 2,24f60e3d,File Output Committer Algorithm version is <*>,['2']
9,2023-12-02,09:38:36,712,INFO,[main] org.apache.hadoop.mapreduce.lib.output.FileOutputCommitter,"FileOutputCommitter skip cleanup _temporary folders under output directory:false, ignore cleanup failures: false",d1f83c9a,"FileOutputCommitter skip cleanup _temporary folders under output directory:false, ignore cleanup failures: false",[]
10,2023-12-02,09:38:37,249,INFO,[main] org.apache.hadoop.mapreduce.v2.app.MRAppMaster,OutputCommitter is org.apache.hadoop.mapreduce.lib.output.FileOutputCommitter,d79644a2,OutputCommitter is org.apache.hadoop.mapreduce.lib.output.FileOutputCommitter,[]
11,2023-12-02,09:38:37,384,INFO,[main] org.apache.hadoop.yarn.event.AsyncDispatcher,Registering class org.apache.hadoop.mapreduce.jobhistory.EventType for class org.apache.hadoop.mapreduce.jobhistory.JobHistoryEventHandler,3a2b3aef,Registering class <*> for class <*>,"['org.apache.hadoop.mapreduce.jobhistory.EventType', 'org.apache.hadoop.mapreduce.jobhistory.JobHistoryEventHandler']"
12,2023-12-02,09:38:37,385,INFO,[main] org.apache.hadoop.yarn.event.AsyncDispatcher,Registering class org.apache.hadoop.mapreduce.v2.app.job.event.JobEventType for class org.apache.hadoop.mapreduce.v2.app.MRAppMaster$JobEventDispatcher,3a2b3aef,Registering class <*> for class <*>,"['org.apache.hadoop.mapreduce.v2.app.job.event.JobEventType', 'org.apache.hadoop.mapreduce.v2.app.MRAppMaster$JobEventDispatcher']"
13,2023-12-02,09:38:37,385,INFO,[main] org.apache.hadoop.yarn.event.AsyncDispatcher,Registering class org.apache.hadoop.mapreduce.v2.app.job.event.TaskEventType for class org.apache.hadoop.mapreduce.v2.app.MRAppMaster$TaskEventDispatcher,3a2b3aef,Registering class <*> for class <*>,"['org.apache.hadoop.mapreduce.v2.app.job.event.TaskEventType', 'org.apache.hadoop.mapreduce.v2.app.MRAppMaster$TaskEventDispatcher']"
14,2023-12-02,09:38:37,386,INFO,[main] org.apache.hadoop.yarn.event.AsyncDispatcher,Registering class org.apache.hadoop.mapreduce.v2.app.job.event.TaskAttemptEventType for class org.apache.hadoop.mapreduce.v2.app.MRAppMaster$TaskAttemptEventDispatcher,3a2b3aef,Registering class <*> for class <*>,"['org.apache.hadoop.mapreduce.v2.app.job.event.TaskAttemptEventType', 'org.apache.hadoop.mapreduce.v2.app.MRAppMaster$TaskAttemptEventDispatcher']"
15,2023-12-02,09:38:37,386,INFO,[main] org.apache.hadoop.yarn.event.AsyncDispatcher,Registering class org.apache.hadoop.mapreduce.v2.app.commit.CommitterEventType for class org.apache.hadoop.mapreduce.v2.app.commit.CommitterEventHandler,3a2b3aef,Registering class <*> for class <*>,"['org.apache.hadoop.mapreduce.v2.app.commit.CommitterEventType', 'org.apache.hadoop.mapreduce.v2.app.commit.CommitterEventHandler']"
16,2023-12-02,09:38:37,390,INFO,[main] org.apache.hadoop.yarn.event.AsyncDispatcher,Registering class org.apache.hadoop.mapreduce.v2.app.speculate.Speculator$EventType for class org.apache.hadoop.mapreduce.v2.app.MRAppMaster$SpeculatorEventDispatcher,3a2b3aef,Registering class <*> for class <*>,"['org.apache.hadoop.mapreduce.v2.app.speculate.Speculator$EventType', 'org.apache.hadoop.mapreduce.v2.app.MRAppMaster$SpeculatorEventDispatcher']"
17,2023-12-02,09:38:37,391,INFO,[main] org.apache.hadoop.yarn.event.AsyncDispatcher,Registering class org.apache.hadoop.mapreduce.v2.app.rm.ContainerAllocator$EventType for class org.apache.hadoop.mapreduce.v2.app.MRAppMaster$ContainerAllocatorRouter,3a2b3aef,Registering class <*> for class <*>,"['org.apache.hadoop.mapreduce.v2.app.rm.ContainerAllocator$EventType', 'org.apache.hadoop.mapreduce.v2.app.MRAppMaster$ContainerAllocatorRouter']"
18,2023-12-02,09:38:37,392,INFO,[main] org.apache.hadoop.yarn.event.AsyncDispatcher,Registering class org.apache.hadoop.mapreduce.v2.app.launcher.ContainerLauncher$EventType for class org.apache.hadoop.mapreduce.v2.app.MRAppMaster$ContainerLauncherRouter,3a2b3aef,Registering class <*> for class <*>,"['org.apache.hadoop.mapreduce.v2.app.launcher.ContainerLauncher$EventType', 'org.apache.hadoop.mapreduce.v2.app.MRAppMaster$ContainerLauncherRouter']"
19,2023-12-02,09:38:37,418,INFO,[main] org.apache.hadoop.mapreduce.v2.jobhistory.JobHistoryUtils,Default file system [hdfs://2f08f873c798:9000],fb1f4268,Default file system [hdfs://2f08f873c798:<*>],['9000']
20,2023-12-02,09:38:37,439,INFO,[main] org.apache.hadoop.mapreduce.v2.jobhistory.JobHistoryUtils,Default file system [hdfs://2f08f873c798:9000],fb1f4268,Default file system [hdfs://2f08f873c798:<*>],['9000']
21,2023-12-02,09:38:37,462,INFO,[main] org.apache.hadoop.mapreduce.v2.jobhistory.JobHistoryUtils,Default file system [hdfs://2f08f873c798:9000],fb1f4268,Default file system [hdfs://2f08f873c798:<*>],['9000']
22,2023-12-02,09:38:37,473,INFO,[main] org.apache.hadoop.mapreduce.jobhistory.JobHistoryEventHandler,Emitting job history data to the timeline server is not enabled,3a03968c,Emitting job history data to the timeline server is not enabled,[]
23,2023-12-02,09:38:37,520,INFO,[main] org.apache.hadoop.yarn.event.AsyncDispatcher,Registering class org.apache.hadoop.mapreduce.v2.app.job.event.JobFinishEvent$Type for class org.apache.hadoop.mapreduce.v2.app.MRAppMaster$JobFinishEventHandler,3a2b3aef,Registering class <*> for class <*>,"['org.apache.hadoop.mapreduce.v2.app.job.event.JobFinishEvent$Type', 'org.apache.hadoop.mapreduce.v2.app.MRAppMaster$JobFinishEventHandler']"
24,2023-12-02,09:38:37,746,INFO,[main] org.apache.hadoop.metrics2.impl.MetricsConfig,Loaded properties from hadoop-metrics2.properties,7a3d0110,Loaded properties from hadoop-metrics2.properties,[]
25,2023-12-02,09:38:37,823,INFO,[main] org.apache.hadoop.metrics2.impl.MetricsSystemImpl,Scheduled Metric snapshot period at 10 second(s).,becc4e71,Scheduled Metric snapshot period at <*> second(s).,['10']
26,2023-12-02,09:38:37,823,INFO,[main] org.apache.hadoop.metrics2.impl.MetricsSystemImpl,MRAppMaster metrics system started,fc657c96,MRAppMaster metrics system started,[]
27,2023-12-02,09:38:37,833,INFO,[main] org.apache.hadoop.mapreduce.v2.app.job.impl.JobImpl,Adding job token for job_1701457076904_0422 to jobTokenSecretManager,080bfa16,Adding job token for job_<*>_<*> to jobTokenSecretManager,['1701457076904_0422']
28,2023-12-02,09:38:37,976,INFO,[main] org.apache.hadoop.mapreduce.v2.app.job.impl.JobImpl,Not uberizing job_1701457076904_0422 because: not enabled; too many maps; too many reduces; too much RAM;,79b8e446,Not uberizing job_<*>_<*> because: not enabled; too many maps; too many reduces; too much RAM;,['1701457076904_0422']
29,2023-12-02,09:38:38,000,INFO,[main] org.apache.hadoop.mapreduce.v2.app.job.impl.JobImpl,Input size for job job_1701457076904_0422 = 8393. Number of splits = 10,7ee6a6bc,Input size for job job_<*>_<*> = <*>. Number of splits = <*>,"['1701457076904_0422', '8393', '10']"
30,2023-12-02,09:38:38,004,INFO,[main] org.apache.hadoop.mapreduce.v2.app.job.impl.JobImpl,Number of reduces for job job_1701457076904_0422 = 5,691cf50f,Number of reduces for job job_<*>_<*> = <*>,"['1701457076904_0422', '5']"
31,2023-12-02,09:38:38,005,INFO,[main] org.apache.hadoop.mapreduce.v2.app.job.impl.JobImpl,job_1701457076904_0422Job Transitioned from NEW to INITED,88488c77,job_<*>_0422Job Transitioned from <*> to <*>,"['1701457076904', 'NEW', 'INITED']"
32,2023-12-02,09:38:38,006,INFO,[main] org.apache.hadoop.mapreduce.v2.app.MRAppMaster,"MRAppMaster launching normal, non-uberized, multi-container job job_1701457076904_0422.",8cfccb68,"MRAppMaster launching normal, non-uberized, multi-container job job_<*>_<*>.",['1701457076904_0422']
33,2023-12-02,09:38:38,044,INFO,[main] org.apache.hadoop.ipc.CallQueueManager,"Using callQueue: class java.util.concurrent.LinkedBlockingQueue, queueCapacity: 100, scheduler: class org.apache.hadoop.ipc.DefaultRpcScheduler, ipcBackoff: false.",4800a8aa,"Using callQueue: class java.util.concurrent.LinkedBlockingQueue, queueCapacity: <*>, scheduler: class org.apache.hadoop.ipc.DefaultRpcScheduler, ipcBackoff: false.",['100']
34,2023-12-02,09:38:38,053,INFO,[main] org.apache.hadoop.ipc.Server,Listener at 0.0.0.0:37221,55039769,Listener at <*>,['0.0.0.0:37221']
35,2023-12-02,09:38:38,055,INFO,[Socket Reader #1 for port 0] org.apache.hadoop.ipc.Server,Starting Socket Reader #1 for port 0,70066a26,Starting Socket Reader #<*> for port <*>,"['1', '0']"
36,2023-12-02,09:38:38,238,INFO,[main] org.apache.hadoop.yarn.factories.impl.pb.RpcServerFactoryPBImpl,Adding protocol org.apache.hadoop.mapreduce.v2.api.MRClientProtocolPB to the server,8c4d0a72,Adding protocol org.apache.hadoop.mapreduce.v2.api.MRClientProtocolPB to the server,[]
37,2023-12-02,09:38:38,243,INFO,[IPC Server Responder] org.apache.hadoop.ipc.Server,IPC Server Responder: starting,ccc17099,IPC Server Responder: starting,[]
38,2023-12-02,09:38:38,243,INFO,[IPC Server listener on 0] org.apache.hadoop.ipc.Server,IPC Server listener on 0: starting,73b103d7,IPC Server listener on <*>: starting,['0']
39,2023-12-02,09:38:38,246,INFO,[main] org.apache.hadoop.mapreduce.v2.app.client.MRClientService,Instantiated MRClientService at 2f08f873c798/192.161.20.17:37221,a45cc31c,Instantiated MRClientService at 2f08f873c798<*>,['/192.161.20.17:37221']
40,2023-12-02,09:38:38,281,INFO,[main] org.eclipse.jetty.util.log,Logging initialized @2953ms to org.eclipse.jetty.util.log.Slf4jLog,2711b64b,Logging initialized @2953ms to org.eclipse.jetty.util.log.Slf4jLog,[]
41,2023-12-02,09:38:38,377,WARN,[main] org.apache.hadoop.security.authentication.server.AuthenticationFilter,"Unable to initialize FileSignerSecretProvider, falling back to use random secrets. Reason: Could not read signature secret file: /root/hadoop-http-auth-signature-secret",9c1a3d53,"Unable to initialize FileSignerSecretProvider, falling back to use random secrets. Reason: Could not read signature secret file: /root/hadoop-http-auth-signature-secret",[]
42,2023-12-02,09:38:38,381,INFO,[main] org.apache.hadoop.http.HttpRequestLog,Http request log for http.requests.mapreduce is not defined,0859dbfb,Http request log for http.requests.mapreduce is not defined,[]
43,2023-12-02,09:38:38,387,INFO,[main] org.apache.hadoop.http.HttpServer2,Added global filter 'safety' (class=org.apache.hadoop.http.HttpServer2$QuotingInputFilter),a8927e0e,Added global filter 'safety' (class=org.apache.hadoop.http.HttpServer2$QuotingInputFilter),[]
44,2023-12-02,09:38:38,419,INFO,[main] org.apache.hadoop.http.HttpServer2,Added filter AM_PROXY_FILTER (class=org.apache.hadoop.yarn.server.webproxy.amfilter.AmIpFilter) to context mapreduce,ae2086c0,Added filter AM_PROXY_FILTER (class=org.apache.hadoop.yarn.server.webproxy.amfilter.AmIpFilter) to context <*>,['mapreduce']
45,2023-12-02,09:38:38,419,INFO,[main] org.apache.hadoop.http.HttpServer2,Added filter AM_PROXY_FILTER (class=org.apache.hadoop.yarn.server.webproxy.amfilter.AmIpFilter) to context static,ae2086c0,Added filter AM_PROXY_FILTER (class=org.apache.hadoop.yarn.server.webproxy.amfilter.AmIpFilter) to context <*>,['static']
46,2023-12-02,09:38:38,811,INFO,[main] org.apache.hadoop.yarn.webapp.WebApps,Registered webapp guice modules,5ba9445a,Registered webapp guice modules,[]
47,2023-12-02,09:38:38,812,INFO,[main] org.apache.hadoop.http.HttpServer2,Jetty bound to port 34703,8aa20788,Jetty bound to port <*>,['34703']
48,2023-12-02,09:38:38,813,INFO,[main] org.eclipse.jetty.server.Server,jetty-9.4.51.v20230217; built: 2023-02-17T08:19:37.309Z; git: b45c405e4544384de066f814ed42ae3dceacdd49; jvm 11.0.21+9-post-Ubuntu-0ubuntu120.04,cd096556,jetty-<*>.<*>.<*>.v20230217; built: <*>-<*>-17T08:<*>:<*>.309Z; git: b45c405e4544384de066f814ed42ae3dceacdd49; jvm <*>.<*>.<*>+<*>-post-Ubuntu-0ubuntu120.<*>,"['9', '4.51', '2023-02', '19:37', '11', '0.21+9', '04']"
49,2023-12-02,09:38:38,835,INFO,[main] org.eclipse.jetty.server.session,DefaultSessionIdManager workerName=node0,bacbae49,DefaultSessionIdManager workerName=node<*>,['0']
50,2023-12-02,09:38:38,835,INFO,[main] org.eclipse.jetty.server.session,"No SessionScavenger set, using defaults",9ee7bbd8,"No SessionScavenger set, using defaults",[]
51,2023-12-02,09:38:38,837,INFO,[main] org.eclipse.jetty.server.session,node0 Scavenging every 660000ms,11ab4b15,node0 Scavenging every 660000ms,[]
52,2023-12-02,09:38:38,847,INFO,[main] org.eclipse.jetty.server.handler.ContextHandler,"Started o.e.j.s.ServletContextHandler@2703d91{static,/static,jar:file:/usr/local/revisedJQF/v8/hadoop-3.3.6/share/hadoop/yarn/hadoop-yarn-common-3.3.6.jar!/webapps/static,AVAILABLE}",00ac854a,Started <*>,"['o.e.j.s.ServletContextHandler@2703d91{static,/static,jar:file:/usr/local/revisedJQF/v8/hadoop-3.3.6/share/hadoop/yarn/hadoop-yarn-common-3.3.6.jar!/webapps/static,AVAILABLE}']"
53,2023-12-02,09:38:39,766,INFO,[main] org.eclipse.jetty.server.handler.ContextHandler,"Started o.e.j.w.WebAppContext@7cdc4070{mapreduce,/,file:///home/hadoop3/hadoop/tmp/nm-local-dir/usercache/root/appcache/application_1701457076904_0422/container_1701457076904_0422_01_000001/tmp/jetty-0_0_0_0-34703-hadoop-yarn-common-3_3_6_jar-_-any-16299971393645693236/webapp/,AVAILABLE}{jar:file:/usr/local/revisedJQF/v8/hadoop-3.3.6/share/hadoop/yarn/hadoop-yarn-common-3.3.6.jar!/webapps/mapreduce}",00ac854a,Started <*>,"['o.e.j.w.WebAppContext@7cdc4070{mapreduce,/,file:///home/hadoop3/hadoop/tmp/nm-local-dir/usercache/root/appcache/application_1701457076904_0422/container_1701457076904_0422_01_000001/tmp/jetty-0_0_0_0-34703-hadoop-yarn-common-3_3_6_jar-_-any-16299971393645693236/webapp/,AVAILABLE}{jar:file:/usr/local/revisedJQF/v8/hadoop-3.3.6/share/hadoop/yarn/hadoop-yarn-common-3.3.6.jar!/webapps/mapreduce}']"
54,2023-12-02,09:38:39,791,INFO,[main] org.eclipse.jetty.server.AbstractConnector,"Started ServerConnector@6c8f60f3{HTTP/1.1, (http/1.1)}{0.0.0.0:34703}",6aff00ab,"Started ServerConnector@6c8f60f3{HTTP/<*>.<*>, (http/<*>.<*>)}{<*>}","['1.1', '1.1', '0.0.0.0:34703']"
55,2023-12-02,09:38:39,791,INFO,[main] org.eclipse.jetty.server.Server,Started @4464ms,00ac854a,Started <*>,['@4464ms']
56,2023-12-02,09:38:39,791,INFO,[main] org.apache.hadoop.yarn.webapp.WebApps,Web app mapreduce started at 34703,0923c3bb,Web app mapreduce started at <*>,['34703']
57,2023-12-02,09:38:39,796,INFO,[AsyncDispatcher event handler] org.apache.hadoop.mapreduce.v2.app.speculate.DefaultSpeculator,JOB_CREATE job_1701457076904_0422,e79de774,JOB_CREATE job_<*>_<*>,['1701457076904_0422']
58,2023-12-02,09:38:39,799,INFO,[main] org.apache.hadoop.ipc.CallQueueManager,"Using callQueue: class java.util.concurrent.LinkedBlockingQueue, queueCapacity: 3000, scheduler: class org.apache.hadoop.ipc.DefaultRpcScheduler, ipcBackoff: false.",4800a8aa,"Using callQueue: class java.util.concurrent.LinkedBlockingQueue, queueCapacity: <*>, scheduler: class org.apache.hadoop.ipc.DefaultRpcScheduler, ipcBackoff: false.",['3000']
59,2023-12-02,09:38:39,799,INFO,[main] org.apache.hadoop.ipc.Server,Listener at 0.0.0.0:39079,55039769,Listener at <*>,['0.0.0.0:39079']
60,2023-12-02,09:38:39,800,INFO,[Socket Reader #1 for port 0] org.apache.hadoop.ipc.Server,Starting Socket Reader #1 for port 0,70066a26,Starting Socket Reader #<*> for port <*>,"['1', '0']"
61,2023-12-02,09:38:39,806,INFO,[IPC Server Responder] org.apache.hadoop.ipc.Server,IPC Server Responder: starting,ccc17099,IPC Server Responder: starting,[]
62,2023-12-02,09:38:39,806,INFO,[IPC Server listener on 0] org.apache.hadoop.ipc.Server,IPC Server listener on 0: starting,73b103d7,IPC Server listener on <*>: starting,['0']
63,2023-12-02,09:38:39,856,INFO,[main] org.apache.hadoop.mapreduce.v2.app.rm.RMContainerRequestor,nodeBlacklistingEnabled:true,8b1732f5,nodeBlacklistingEnabled:true,[]
64,2023-12-02,09:38:39,856,INFO,[main] org.apache.hadoop.mapreduce.v2.app.rm.RMContainerRequestor,maxTaskFailuresPerNode is 3,07a75a5d,maxTaskFailuresPerNode is <*>,['3']
65,2023-12-02,09:38:39,856,INFO,[main] org.apache.hadoop.mapreduce.v2.app.rm.RMContainerRequestor,blacklistDisablePercent is 33,168a0869,blacklistDisablePercent is <*>,['33']
66,2023-12-02,09:38:39,859,INFO,[main] org.apache.hadoop.mapreduce.v2.app.rm.RMContainerAllocator,0% of the mappers will be scheduled using OPPORTUNISTIC containers,10c1693b,0% of the mappers will be scheduled using OPPORTUNISTIC containers,[]
67,2023-12-02,09:38:39,891,INFO,[main] org.apache.hadoop.yarn.client.DefaultNoHARMFailoverProxyProvider,Connecting to ResourceManager at 2f08f873c798/192.161.20.17:8030,4ecdc8c5,Connecting to ResourceManager at 2f08f873c798<*>,['/192.161.20.17:8030']
68,2023-12-02,09:38:39,962,INFO,[main] org.apache.hadoop.mapreduce.v2.app.rm.RMCommunicator,"maxContainerCapability: <memory:8192, vCores:4>",1b9a71a7,"maxContainerCapability: <memory:<*>, vCores:<*>>","['8192', '4>']"
69,2023-12-02,09:38:39,963,INFO,[main] org.apache.hadoop.mapreduce.v2.app.rm.RMCommunicator,queue: default,62365dbe,queue: default,[]
70,2023-12-02,09:38:39,967,INFO,[main] org.apache.hadoop.mapreduce.v2.app.launcher.ContainerLauncherImpl,Upper limit on the thread pool size is 500,293bdc87,Upper limit on the thread pool size is <*>,['500']
71,2023-12-02,09:38:39,968,INFO,[main] org.apache.hadoop.mapreduce.v2.app.launcher.ContainerLauncherImpl,The thread pool initial size is 10,7a27b63d,The thread pool initial size is <*>,['10']
72,2023-12-02,09:38:39,985,INFO,[AsyncDispatcher event handler] org.apache.hadoop.mapreduce.v2.app.job.impl.JobImpl,job_1701457076904_0422Job Transitioned from INITED to SETUP,88488c77,job_<*>_0422Job Transitioned from <*> to <*>,"['1701457076904', 'INITED', 'SETUP']"
73,2023-12-02,09:38:39,988,INFO,[CommitterEvent Processor #0] org.apache.hadoop.mapreduce.v2.app.commit.CommitterEventHandler,Processing the event EventType: JOB_SETUP,8825a75c,Processing the event EventType: <*>,['JOB_SETUP']
74,2023-12-02,09:38:40,008,INFO,[AsyncDispatcher event handler] org.apache.hadoop.mapreduce.v2.app.job.impl.JobImpl,job_1701457076904_0422Job Transitioned from SETUP to RUNNING,88488c77,job_<*>_0422Job Transitioned from <*> to <*>,"['1701457076904', 'SETUP', 'RUNNING']"
75,2023-12-02,09:38:40,044,INFO,[AsyncDispatcher event handler] org.apache.hadoop.mapreduce.v2.app.job.impl.TaskAttemptImpl,"Resource capability of task type MAP is set to <memory:5120, vCores:1>",16c3067a,"Resource capability of task type <*> is set to <memory:<*>, vCores:<*>>","['MAP', '5120', '1>']"
76,2023-12-02,09:38:40,049,INFO,[AsyncDispatcher event handler] org.apache.hadoop.mapreduce.v2.app.job.impl.TaskImpl,task_1701457076904_0422_m_000000 Task Transitioned from NEW to SCHEDULED,d231a1af,task_<*>_<*>_m_<*> Task Transitioned from <*> to <*>,"['1701457076904_0422', '000000', 'NEW', 'SCHEDULED']"
77,2023-12-02,09:38:40,049,INFO,[AsyncDispatcher event handler] org.apache.hadoop.mapreduce.v2.app.job.impl.TaskImpl,task_1701457076904_0422_m_000001 Task Transitioned from NEW to SCHEDULED,d231a1af,task_<*>_<*>_m_<*> Task Transitioned from <*> to <*>,"['1701457076904_0422', '000001', 'NEW', 'SCHEDULED']"
78,2023-12-02,09:38:40,050,INFO,[AsyncDispatcher event handler] org.apache.hadoop.mapreduce.v2.app.job.impl.TaskImpl,task_1701457076904_0422_m_000002 Task Transitioned from NEW to SCHEDULED,d231a1af,task_<*>_<*>_m_<*> Task Transitioned from <*> to <*>,"['1701457076904_0422', '000002', 'NEW', 'SCHEDULED']"
79,2023-12-02,09:38:40,050,INFO,[AsyncDispatcher event handler] org.apache.hadoop.mapreduce.v2.app.job.impl.TaskImpl,task_1701457076904_0422_m_000003 Task Transitioned from NEW to SCHEDULED,d231a1af,task_<*>_<*>_m_<*> Task Transitioned from <*> to <*>,"['1701457076904_0422', '000003', 'NEW', 'SCHEDULED']"
80,2023-12-02,09:38:40,050,INFO,[AsyncDispatcher event handler] org.apache.hadoop.mapreduce.v2.app.job.impl.TaskImpl,task_1701457076904_0422_m_000004 Task Transitioned from NEW to SCHEDULED,d231a1af,task_<*>_<*>_m_<*> Task Transitioned from <*> to <*>,"['1701457076904_0422', '000004', 'NEW', 'SCHEDULED']"
81,2023-12-02,09:38:40,050,INFO,[AsyncDispatcher event handler] org.apache.hadoop.mapreduce.v2.app.job.impl.TaskImpl,task_1701457076904_0422_m_000005 Task Transitioned from NEW to SCHEDULED,d231a1af,task_<*>_<*>_m_<*> Task Transitioned from <*> to <*>,"['1701457076904_0422', '000005', 'NEW', 'SCHEDULED']"
82,2023-12-02,09:38:40,050,INFO,[AsyncDispatcher event handler] org.apache.hadoop.mapreduce.v2.app.job.impl.TaskImpl,task_1701457076904_0422_m_000006 Task Transitioned from NEW to SCHEDULED,d231a1af,task_<*>_<*>_m_<*> Task Transitioned from <*> to <*>,"['1701457076904_0422', '000006', 'NEW', 'SCHEDULED']"
83,2023-12-02,09:38:40,051,INFO,[AsyncDispatcher event handler] org.apache.hadoop.mapreduce.v2.app.job.impl.TaskImpl,task_1701457076904_0422_m_000007 Task Transitioned from NEW to SCHEDULED,d231a1af,task_<*>_<*>_m_<*> Task Transitioned from <*> to <*>,"['1701457076904_0422', '000007', 'NEW', 'SCHEDULED']"
84,2023-12-02,09:38:40,051,INFO,[AsyncDispatcher event handler] org.apache.hadoop.mapreduce.v2.app.job.impl.TaskImpl,task_1701457076904_0422_m_000008 Task Transitioned from NEW to SCHEDULED,d231a1af,task_<*>_<*>_m_<*> Task Transitioned from <*> to <*>,"['1701457076904_0422', '000008', 'NEW', 'SCHEDULED']"
85,2023-12-02,09:38:40,051,INFO,[AsyncDispatcher event handler] org.apache.hadoop.mapreduce.v2.app.job.impl.TaskImpl,task_1701457076904_0422_m_000009 Task Transitioned from NEW to SCHEDULED,d231a1af,task_<*>_<*>_m_<*> Task Transitioned from <*> to <*>,"['1701457076904_0422', '000009', 'NEW', 'SCHEDULED']"
86,2023-12-02,09:38:40,052,INFO,[AsyncDispatcher event handler] org.apache.hadoop.mapreduce.v2.app.job.impl.TaskAttemptImpl,"Resource capability of task type REDUCE is set to <memory:5120, vCores:1>",16c3067a,"Resource capability of task type <*> is set to <memory:<*>, vCores:<*>>","['REDUCE', '5120', '1>']"
87,2023-12-02,09:38:40,052,INFO,[AsyncDispatcher event handler] org.apache.hadoop.mapreduce.v2.app.job.impl.TaskImpl,task_1701457076904_0422_r_000000 Task Transitioned from NEW to SCHEDULED,a55d23fc,task_<*>_<*>_r_<*> Task Transitioned from <*> to <*>,"['1701457076904_0422', '000000', 'NEW', 'SCHEDULED']"
88,2023-12-02,09:38:40,052,INFO,[AsyncDispatcher event handler] org.apache.hadoop.mapreduce.v2.app.job.impl.TaskImpl,task_1701457076904_0422_r_000001 Task Transitioned from NEW to SCHEDULED,a55d23fc,task_<*>_<*>_r_<*> Task Transitioned from <*> to <*>,"['1701457076904_0422', '000001', 'NEW', 'SCHEDULED']"
89,2023-12-02,09:38:40,053,INFO,[AsyncDispatcher event handler] org.apache.hadoop.mapreduce.v2.app.job.impl.TaskImpl,task_1701457076904_0422_r_000002 Task Transitioned from NEW to SCHEDULED,a55d23fc,task_<*>_<*>_r_<*> Task Transitioned from <*> to <*>,"['1701457076904_0422', '000002', 'NEW', 'SCHEDULED']"
90,2023-12-02,09:38:40,053,INFO,[AsyncDispatcher event handler] org.apache.hadoop.mapreduce.v2.app.job.impl.TaskImpl,task_1701457076904_0422_r_000003 Task Transitioned from NEW to SCHEDULED,a55d23fc,task_<*>_<*>_r_<*> Task Transitioned from <*> to <*>,"['1701457076904_0422', '000003', 'NEW', 'SCHEDULED']"
91,2023-12-02,09:38:40,053,INFO,[AsyncDispatcher event handler] org.apache.hadoop.mapreduce.v2.app.job.impl.TaskImpl,task_1701457076904_0422_r_000004 Task Transitioned from NEW to SCHEDULED,a55d23fc,task_<*>_<*>_r_<*> Task Transitioned from <*> to <*>,"['1701457076904_0422', '000004', 'NEW', 'SCHEDULED']"
92,2023-12-02,09:38:40,055,INFO,[AsyncDispatcher event handler] org.apache.hadoop.mapreduce.v2.app.job.impl.TaskAttemptImpl,attempt_1701457076904_0422_m_000000_0 TaskAttempt Transitioned from NEW to UNASSIGNED,590bd861,attempt_<*>_<*>_m_<*>_<*> TaskAttempt Transitioned from <*> to <*>,"['1701457076904_0422', '000000_0', 'NEW', 'UNASSIGNED']"
93,2023-12-02,09:38:40,055,INFO,[AsyncDispatcher event handler] org.apache.hadoop.mapreduce.v2.app.job.impl.TaskAttemptImpl,attempt_1701457076904_0422_m_000001_0 TaskAttempt Transitioned from NEW to UNASSIGNED,590bd861,attempt_<*>_<*>_m_<*>_<*> TaskAttempt Transitioned from <*> to <*>,"['1701457076904_0422', '000001_0', 'NEW', 'UNASSIGNED']"
94,2023-12-02,09:38:40,055,INFO,[AsyncDispatcher event handler] org.apache.hadoop.mapreduce.v2.app.job.impl.TaskAttemptImpl,attempt_1701457076904_0422_m_000002_0 TaskAttempt Transitioned from NEW to UNASSIGNED,590bd861,attempt_<*>_<*>_m_<*>_<*> TaskAttempt Transitioned from <*> to <*>,"['1701457076904_0422', '000002_0', 'NEW', 'UNASSIGNED']"
95,2023-12-02,09:38:40,055,INFO,[AsyncDispatcher event handler] org.apache.hadoop.mapreduce.v2.app.job.impl.TaskAttemptImpl,attempt_1701457076904_0422_m_000003_0 TaskAttempt Transitioned from NEW to UNASSIGNED,590bd861,attempt_<*>_<*>_m_<*>_<*> TaskAttempt Transitioned from <*> to <*>,"['1701457076904_0422', '000003_0', 'NEW', 'UNASSIGNED']"
96,2023-12-02,09:38:40,055,INFO,[AsyncDispatcher event handler] org.apache.hadoop.mapreduce.v2.app.job.impl.TaskAttemptImpl,attempt_1701457076904_0422_m_000004_0 TaskAttempt Transitioned from NEW to UNASSIGNED,590bd861,attempt_<*>_<*>_m_<*>_<*> TaskAttempt Transitioned from <*> to <*>,"['1701457076904_0422', '000004_0', 'NEW', 'UNASSIGNED']"
97,2023-12-02,09:38:40,055,INFO,[AsyncDispatcher event handler] org.apache.hadoop.mapreduce.v2.app.job.impl.TaskAttemptImpl,attempt_1701457076904_0422_m_000005_0 TaskAttempt Transitioned from NEW to UNASSIGNED,590bd861,attempt_<*>_<*>_m_<*>_<*> TaskAttempt Transitioned from <*> to <*>,"['1701457076904_0422', '000005_0', 'NEW', 'UNASSIGNED']"
98,2023-12-02,09:38:40,055,INFO,[AsyncDispatcher event handler] org.apache.hadoop.mapreduce.v2.app.job.impl.TaskAttemptImpl,attempt_1701457076904_0422_m_000006_0 TaskAttempt Transitioned from NEW to UNASSIGNED,590bd861,attempt_<*>_<*>_m_<*>_<*> TaskAttempt Transitioned from <*> to <*>,"['1701457076904_0422', '000006_0', 'NEW', 'UNASSIGNED']"
99,2023-12-02,09:38:40,055,INFO,[AsyncDispatcher event handler] org.apache.hadoop.mapreduce.v2.app.job.impl.TaskAttemptImpl,attempt_1701457076904_0422_m_000007_0 TaskAttempt Transitioned from NEW to UNASSIGNED,590bd861,attempt_<*>_<*>_m_<*>_<*> TaskAttempt Transitioned from <*> to <*>,"['1701457076904_0422', '000007_0', 'NEW', 'UNASSIGNED']"
100,2023-12-02,09:38:40,055,INFO,[AsyncDispatcher event handler] org.apache.hadoop.mapreduce.v2.app.job.impl.TaskAttemptImpl,attempt_1701457076904_0422_m_000008_0 TaskAttempt Transitioned from NEW to UNASSIGNED,590bd861,attempt_<*>_<*>_m_<*>_<*> TaskAttempt Transitioned from <*> to <*>,"['1701457076904_0422', '000008_0', 'NEW', 'UNASSIGNED']"
101,2023-12-02,09:38:40,056,INFO,[AsyncDispatcher event handler] org.apache.hadoop.mapreduce.v2.app.job.impl.TaskAttemptImpl,attempt_1701457076904_0422_m_000009_0 TaskAttempt Transitioned from NEW to UNASSIGNED,590bd861,attempt_<*>_<*>_m_<*>_<*> TaskAttempt Transitioned from <*> to <*>,"['1701457076904_0422', '000009_0', 'NEW', 'UNASSIGNED']"
102,2023-12-02,09:38:40,056,INFO,[AsyncDispatcher event handler] org.apache.hadoop.mapreduce.v2.app.job.impl.TaskAttemptImpl,attempt_1701457076904_0422_r_000000_0 TaskAttempt Transitioned from NEW to UNASSIGNED,500abf63,attempt_<*>_<*>_r_<*>_<*> TaskAttempt Transitioned from <*> to <*>,"['1701457076904_0422', '000000_0', 'NEW', 'UNASSIGNED']"
103,2023-12-02,09:38:40,056,INFO,[AsyncDispatcher event handler] org.apache.hadoop.mapreduce.v2.app.job.impl.TaskAttemptImpl,attempt_1701457076904_0422_r_000001_0 TaskAttempt Transitioned from NEW to UNASSIGNED,500abf63,attempt_<*>_<*>_r_<*>_<*> TaskAttempt Transitioned from <*> to <*>,"['1701457076904_0422', '000001_0', 'NEW', 'UNASSIGNED']"
104,2023-12-02,09:38:40,056,INFO,[AsyncDispatcher event handler] org.apache.hadoop.mapreduce.v2.app.job.impl.TaskAttemptImpl,attempt_1701457076904_0422_r_000002_0 TaskAttempt Transitioned from NEW to UNASSIGNED,500abf63,attempt_<*>_<*>_r_<*>_<*> TaskAttempt Transitioned from <*> to <*>,"['1701457076904_0422', '000002_0', 'NEW', 'UNASSIGNED']"
105,2023-12-02,09:38:40,056,INFO,[AsyncDispatcher event handler] org.apache.hadoop.mapreduce.v2.app.job.impl.TaskAttemptImpl,attempt_1701457076904_0422_r_000003_0 TaskAttempt Transitioned from NEW to UNASSIGNED,500abf63,attempt_<*>_<*>_r_<*>_<*> TaskAttempt Transitioned from <*> to <*>,"['1701457076904_0422', '000003_0', 'NEW', 'UNASSIGNED']"
106,2023-12-02,09:38:40,056,INFO,[AsyncDispatcher event handler] org.apache.hadoop.mapreduce.v2.app.job.impl.TaskAttemptImpl,attempt_1701457076904_0422_r_000004_0 TaskAttempt Transitioned from NEW to UNASSIGNED,500abf63,attempt_<*>_<*>_r_<*>_<*> TaskAttempt Transitioned from <*> to <*>,"['1701457076904_0422', '000004_0', 'NEW', 'UNASSIGNED']"
107,2023-12-02,09:38:40,057,INFO,[Thread-65] org.apache.hadoop.mapreduce.v2.app.rm.RMContainerAllocator,"mapResourceRequest:<memory:5120, vCores:1>",70768b95,"mapResourceRequest:<memory:<*>, vCores:<*>>","['5120', '1>']"
108,2023-12-02,09:38:40,070,INFO,[Thread-65] org.apache.hadoop.mapreduce.v2.app.rm.RMContainerAllocator,"reduceResourceRequest:<memory:5120, vCores:1>",fa3c4543,"reduceResourceRequest:<memory:<*>, vCores:<*>>","['5120', '1>']"
109,2023-12-02,09:38:40,072,INFO,[eventHandlingThread] org.apache.hadoop.mapreduce.jobhistory.JobHistoryEventHandler,"Event Writer setup for JobId: job_1701457076904_0422, File: hdfs://2f08f873c798:9000/tmp/hadoop-yarn/staging/root/.staging/job_1701457076904_0422/job_1701457076904_0422_1.jhist",10edc0f1,"Event Writer setup for JobId: job_<*>_<*>, File: hdfs://2f08f873c798:<*>/tmp/hadoop-yarn/staging/root/.staging/job_<*>_<*>/job_<*>_<*>_<*>.jhist","['1701457076904_0422', '9000', '1701457076904_0422', '1701457076904', '0422_1']"
110,2023-12-02,09:38:40,966,INFO,[RMCommunicator Allocator] org.apache.hadoop.mapreduce.v2.app.rm.RMContainerAllocator,Before Scheduling: PendingReds:5 ScheduledMaps:10 ScheduledReds:0 AssignedMaps:0 AssignedReds:0 CompletedMaps:0 CompletedReds:0 ContAlloc:0 ContRel:0 HostLocal:0 RackLocal:0,f3cfcdcd,Before Scheduling: PendingReds:<*> ScheduledMaps:<*> ScheduledReds:<*> AssignedMaps:<*> AssignedReds:<*> CompletedMaps:<*> CompletedReds:<*> ContAlloc:<*> ContRel:<*> HostLocal:<*> RackLocal:<*>,"['5', '10', '0', '0', '0', '0', '0', '0', '0', '0', '0']"
111,2023-12-02,09:38:41,005,INFO,[RMCommunicator Allocator] org.apache.hadoop.mapreduce.v2.app.rm.RMContainerRequestor,"getResources() for application_1701457076904_0422: ask=5 release= 0 newContainers=0 finishedContainers=0 resourcelimit=<memory:22528, vCores:23> knownNMs=3",6d3d97fc,"getResources() for application_<*>_<*>: ask=<*> release= <*> newContainers=<*> finishedContainers=<*> resourcelimit=<memory:<*>, vCores:<*>> knownNMs=<*>","['1701457076904_0422', '5', '0', '0', '0', '22528', '23>', '3']"
112,2023-12-02,09:38:41,007,INFO,[RMCommunicator Allocator] org.apache.hadoop.mapreduce.v2.app.rm.RMContainerAllocator,"Recalculating schedule, headroom=<memory:22528, vCores:23>",e856e146,"Recalculating schedule, headroom=<memory:<*>, vCores:<*>>","['22528', '23>']"
113,2023-12-02,09:38:41,007,INFO,[RMCommunicator Allocator] org.apache.hadoop.mapreduce.v2.app.rm.RMContainerAllocator,Reduce slow start threshold not met. completedMapsForReduceSlowstart 1,1fbfd66f,Reduce slow start threshold not met. completedMapsForReduceSlowstart <*>,['1']
114,2023-12-02,09:38:42,024,INFO,[RMCommunicator Allocator] org.apache.hadoop.mapreduce.v2.app.rm.RMContainerAllocator,Got allocated containers 3,0f71bb1f,Got allocated containers <*>,['3']
115,2023-12-02,09:38:42,026,INFO,[RMCommunicator Allocator] org.apache.hadoop.mapreduce.v2.app.rm.RMContainerAllocator,Assigned container container_1701457076904_0422_01_000002 to attempt_1701457076904_0422_m_000000_0,99dd87cd,Assigned container container_<*>_<*>_<*>_<*> to <*>,"['1701457076904', '0422_01_000002', 'attempt_1701457076904_0422_m_000000_0']"
116,2023-12-02,09:38:42,029,INFO,[RMCommunicator Allocator] org.apache.hadoop.mapreduce.v2.app.rm.RMContainerAllocator,Assigned container container_1701457076904_0422_01_000004 to attempt_1701457076904_0422_m_000001_0,99dd87cd,Assigned container container_<*>_<*>_<*>_<*> to <*>,"['1701457076904', '0422_01_000004', 'attempt_1701457076904_0422_m_000001_0']"
117,2023-12-02,09:38:42,030,INFO,[RMCommunicator Allocator] org.apache.hadoop.mapreduce.v2.app.rm.RMContainerAllocator,Assigned container container_1701457076904_0422_01_000006 to attempt_1701457076904_0422_m_000002_0,99dd87cd,Assigned container container_<*>_<*>_<*>_<*> to <*>,"['1701457076904', '0422_01_000006', 'attempt_1701457076904_0422_m_000002_0']"
118,2023-12-02,09:38:42,030,INFO,[RMCommunicator Allocator] org.apache.hadoop.mapreduce.v2.app.rm.RMContainerAllocator,"Recalculating schedule, headroom=<memory:2048, vCores:19>",e856e146,"Recalculating schedule, headroom=<memory:<*>, vCores:<*>>","['2048', '19>']"
119,2023-12-02,09:38:42,030,INFO,[RMCommunicator Allocator] org.apache.hadoop.mapreduce.v2.app.rm.RMContainerAllocator,Reduce slow start threshold not met. completedMapsForReduceSlowstart 1,1fbfd66f,Reduce slow start threshold not met. completedMapsForReduceSlowstart <*>,['1']
120,2023-12-02,09:38:42,030,INFO,[RMCommunicator Allocator] org.apache.hadoop.mapreduce.v2.app.rm.RMContainerAllocator,After Scheduling: PendingReds:5 ScheduledMaps:7 ScheduledReds:0 AssignedMaps:3 AssignedReds:0 CompletedMaps:0 CompletedReds:0 ContAlloc:3 ContRel:0 HostLocal:3 RackLocal:0,b1bdc9c9,After Scheduling: PendingReds:<*> ScheduledMaps:<*> ScheduledReds:<*> AssignedMaps:<*> AssignedReds:<*> CompletedMaps:<*> CompletedReds:<*> ContAlloc:<*> ContRel:<*> HostLocal:<*> RackLocal:<*>,"['5', '7', '0', '3', '0', '0', '0', '3', '0', '3', '0']"
121,2023-12-02,09:38:42,091,INFO,[AsyncDispatcher event handler] org.apache.hadoop.mapreduce.v2.app.job.impl.TaskAttemptImpl,The job-jar file on the remote FS is hdfs://2f08f873c798:9000/tmp/hadoop-yarn/staging/root/.staging/job_1701457076904_0422/job.jar,c9ebd122,The <*> file on the remote FS is <*>,"['job-jar', 'hdfs://2f08f873c798:9000/tmp/hadoop-yarn/staging/root/.staging/job_1701457076904_0422/job.jar']"
122,2023-12-02,09:38:42,097,INFO,[AsyncDispatcher event handler] org.apache.hadoop.mapreduce.v2.app.job.impl.TaskAttemptImpl,The job-conf file on the remote FS is /tmp/hadoop-yarn/staging/root/.staging/job_1701457076904_0422/job.xml,c9ebd122,The <*> file on the remote FS is <*>,"['job-conf', '/tmp/hadoop-yarn/staging/root/.staging/job_1701457076904_0422/job.xml']"
123,2023-12-02,09:38:42,100,INFO,[AsyncDispatcher event handler] org.apache.hadoop.mapreduce.v2.app.job.impl.TaskAttemptImpl,Adding #0 tokens and #1 secret keys for NM use for launching container,5ad17131,Adding #<*> tokens and #<*> secret keys for NM use for launching container,"['0', '1']"
124,2023-12-02,09:38:42,100,INFO,[AsyncDispatcher event handler] org.apache.hadoop.mapreduce.v2.app.job.impl.TaskAttemptImpl,Size of containertokens_dob is 1,e497a05e,Size of containertokens_dob is <*>,['1']
125,2023-12-02,09:38:42,100,INFO,[AsyncDispatcher event handler] org.apache.hadoop.mapreduce.v2.app.job.impl.TaskAttemptImpl,Putting shuffle token in serviceData,944f8887,Putting shuffle token in serviceData,[]
126,2023-12-02,09:38:42,133,INFO,[AsyncDispatcher event handler] org.apache.hadoop.mapreduce.v2.app.job.impl.TaskAttemptImpl,attempt_1701457076904_0422_m_000000_0 TaskAttempt Transitioned from UNASSIGNED to ASSIGNED,590bd861,attempt_<*>_<*>_m_<*>_<*> TaskAttempt Transitioned from <*> to <*>,"['1701457076904_0422', '000000_0', 'UNASSIGNED', 'ASSIGNED']"
127,2023-12-02,09:38:42,139,INFO,[AsyncDispatcher event handler] org.apache.hadoop.mapreduce.v2.app.job.impl.TaskAttemptImpl,attempt_1701457076904_0422_m_000001_0 TaskAttempt Transitioned from UNASSIGNED to ASSIGNED,590bd861,attempt_<*>_<*>_m_<*>_<*> TaskAttempt Transitioned from <*> to <*>,"['1701457076904_0422', '000001_0', 'UNASSIGNED', 'ASSIGNED']"
128,2023-12-02,09:38:42,141,INFO,[AsyncDispatcher event handler] org.apache.hadoop.mapreduce.v2.app.job.impl.TaskAttemptImpl,attempt_1701457076904_0422_m_000002_0 TaskAttempt Transitioned from UNASSIGNED to ASSIGNED,590bd861,attempt_<*>_<*>_m_<*>_<*> TaskAttempt Transitioned from <*> to <*>,"['1701457076904_0422', '000002_0', 'UNASSIGNED', 'ASSIGNED']"
129,2023-12-02,09:38:42,143,INFO,[ContainerLauncher #0] org.apache.hadoop.mapreduce.v2.app.launcher.ContainerLauncherImpl,Processing the event EventType: CONTAINER_REMOTE_LAUNCH for container container_1701457076904_0422_01_000002 taskAttempt attempt_1701457076904_0422_m_000000_0,36fc78d1,Processing the event EventType: <*> for container container_<*>_<*>_<*>_<*> taskAttempt <*>,"['CONTAINER_REMOTE_LAUNCH', '1701457076904', '0422_01_000002', 'attempt_1701457076904_0422_m_000000_0']"
130,2023-12-02,09:38:42,143,INFO,[ContainerLauncher #2] org.apache.hadoop.mapreduce.v2.app.launcher.ContainerLauncherImpl,Processing the event EventType: CONTAINER_REMOTE_LAUNCH for container container_1701457076904_0422_01_000006 taskAttempt attempt_1701457076904_0422_m_000002_0,36fc78d1,Processing the event EventType: <*> for container container_<*>_<*>_<*>_<*> taskAttempt <*>,"['CONTAINER_REMOTE_LAUNCH', '1701457076904', '0422_01_000006', 'attempt_1701457076904_0422_m_000002_0']"
131,2023-12-02,09:38:42,143,INFO,[ContainerLauncher #1] org.apache.hadoop.mapreduce.v2.app.launcher.ContainerLauncherImpl,Processing the event EventType: CONTAINER_REMOTE_LAUNCH for container container_1701457076904_0422_01_000004 taskAttempt attempt_1701457076904_0422_m_000001_0,36fc78d1,Processing the event EventType: <*> for container container_<*>_<*>_<*>_<*> taskAttempt <*>,"['CONTAINER_REMOTE_LAUNCH', '1701457076904', '0422_01_000004', 'attempt_1701457076904_0422_m_000001_0']"
132,2023-12-02,09:38:42,147,INFO,[ContainerLauncher #0] org.apache.hadoop.mapreduce.v2.app.launcher.ContainerLauncherImpl,Launching attempt_1701457076904_0422_m_000000_0,df347da1,Launching <*>,['attempt_1701457076904_0422_m_000000_0']
133,2023-12-02,09:38:42,147,INFO,[ContainerLauncher #1] org.apache.hadoop.mapreduce.v2.app.launcher.ContainerLauncherImpl,Launching attempt_1701457076904_0422_m_000001_0,df347da1,Launching <*>,['attempt_1701457076904_0422_m_000001_0']
134,2023-12-02,09:38:42,147,INFO,[ContainerLauncher #2] org.apache.hadoop.mapreduce.v2.app.launcher.ContainerLauncherImpl,Launching attempt_1701457076904_0422_m_000002_0,df347da1,Launching <*>,['attempt_1701457076904_0422_m_000002_0']
135,2023-12-02,09:38:42,234,INFO,[ContainerLauncher #1] org.apache.hadoop.mapreduce.v2.app.launcher.ContainerLauncherImpl,Shuffle port returned by ContainerManager for attempt_1701457076904_0422_m_000001_0 : 13562,f4ac93f2,Shuffle port returned by ContainerManager for <*> : <*>,"['attempt_1701457076904_0422_m_000001_0', '13562']"
136,2023-12-02,09:38:42,234,INFO,[ContainerLauncher #2] org.apache.hadoop.mapreduce.v2.app.launcher.ContainerLauncherImpl,Shuffle port returned by ContainerManager for attempt_1701457076904_0422_m_000002_0 : 13562,f4ac93f2,Shuffle port returned by ContainerManager for <*> : <*>,"['attempt_1701457076904_0422_m_000002_0', '13562']"
137,2023-12-02,09:38:42,234,INFO,[ContainerLauncher #0] org.apache.hadoop.mapreduce.v2.app.launcher.ContainerLauncherImpl,Shuffle port returned by ContainerManager for attempt_1701457076904_0422_m_000000_0 : 13562,f4ac93f2,Shuffle port returned by ContainerManager for <*> : <*>,"['attempt_1701457076904_0422_m_000000_0', '13562']"
138,2023-12-02,09:38:42,236,INFO,[AsyncDispatcher event handler] org.apache.hadoop.mapreduce.v2.app.job.impl.TaskAttemptImpl,TaskAttempt: [attempt_1701457076904_0422_m_000001_0] using containerId: [container_1701457076904_0422_01_000004 on NM: [cf6e5ca2712c:42253],97232dd5,TaskAttempt: <*> using containerId: [container_<*>_<*>_<*>_<*> on NM: <*>,"['[attempt_1701457076904_0422_m_000001_0]', '1701457076904', '0422_01_000004', '[cf6e5ca2712c:42253]']"
139,2023-12-02,09:38:42,238,INFO,[AsyncDispatcher event handler] org.apache.hadoop.mapreduce.v2.app.job.impl.TaskAttemptImpl,attempt_1701457076904_0422_m_000001_0 TaskAttempt Transitioned from ASSIGNED to RUNNING,590bd861,attempt_<*>_<*>_m_<*>_<*> TaskAttempt Transitioned from <*> to <*>,"['1701457076904_0422', '000001_0', 'ASSIGNED', 'RUNNING']"
140,2023-12-02,09:38:42,239,INFO,[AsyncDispatcher event handler] org.apache.hadoop.mapreduce.v2.app.job.impl.TaskAttemptImpl,TaskAttempt: [attempt_1701457076904_0422_m_000002_0] using containerId: [container_1701457076904_0422_01_000006 on NM: [ed761ad59d44:41819],97232dd5,TaskAttempt: <*> using containerId: [container_<*>_<*>_<*>_<*> on NM: <*>,"['[attempt_1701457076904_0422_m_000002_0]', '1701457076904', '0422_01_000006', '[ed761ad59d44:41819]']"
141,2023-12-02,09:38:42,239,INFO,[AsyncDispatcher event handler] org.apache.hadoop.mapreduce.v2.app.job.impl.TaskAttemptImpl,attempt_1701457076904_0422_m_000002_0 TaskAttempt Transitioned from ASSIGNED to RUNNING,590bd861,attempt_<*>_<*>_m_<*>_<*> TaskAttempt Transitioned from <*> to <*>,"['1701457076904_0422', '000002_0', 'ASSIGNED', 'RUNNING']"
142,2023-12-02,09:38:42,239,INFO,[AsyncDispatcher event handler] org.apache.hadoop.mapreduce.v2.app.job.impl.TaskAttemptImpl,TaskAttempt: [attempt_1701457076904_0422_m_000000_0] using containerId: [container_1701457076904_0422_01_000002 on NM: [2f08f873c798:42181],97232dd5,TaskAttempt: <*> using containerId: [container_<*>_<*>_<*>_<*> on NM: <*>,"['[attempt_1701457076904_0422_m_000000_0]', '1701457076904', '0422_01_000002', '[2f08f873c798:42181]']"
143,2023-12-02,09:38:42,239,INFO,[AsyncDispatcher event handler] org.apache.hadoop.mapreduce.v2.app.job.impl.TaskAttemptImpl,attempt_1701457076904_0422_m_000000_0 TaskAttempt Transitioned from ASSIGNED to RUNNING,590bd861,attempt_<*>_<*>_m_<*>_<*> TaskAttempt Transitioned from <*> to <*>,"['1701457076904_0422', '000000_0', 'ASSIGNED', 'RUNNING']"
144,2023-12-02,09:38:42,239,INFO,[AsyncDispatcher event handler] org.apache.hadoop.mapreduce.v2.app.speculate.DefaultSpeculator,ATTEMPT_START task_1701457076904_0422_m_000001,e215e532,ATTEMPT_START <*>,['task_1701457076904_0422_m_000001']
145,2023-12-02,09:38:42,239,INFO,[AsyncDispatcher event handler] org.apache.hadoop.mapreduce.v2.app.job.impl.TaskImpl,task_1701457076904_0422_m_000001 Task Transitioned from SCHEDULED to RUNNING,d231a1af,task_<*>_<*>_m_<*> Task Transitioned from <*> to <*>,"['1701457076904_0422', '000001', 'SCHEDULED', 'RUNNING']"
146,2023-12-02,09:38:42,240,INFO,[AsyncDispatcher event handler] org.apache.hadoop.mapreduce.v2.app.speculate.DefaultSpeculator,ATTEMPT_START task_1701457076904_0422_m_000002,e215e532,ATTEMPT_START <*>,['task_1701457076904_0422_m_000002']
147,2023-12-02,09:38:42,240,INFO,[AsyncDispatcher event handler] org.apache.hadoop.mapreduce.v2.app.job.impl.TaskImpl,task_1701457076904_0422_m_000002 Task Transitioned from SCHEDULED to RUNNING,d231a1af,task_<*>_<*>_m_<*> Task Transitioned from <*> to <*>,"['1701457076904_0422', '000002', 'SCHEDULED', 'RUNNING']"
148,2023-12-02,09:38:42,240,INFO,[AsyncDispatcher event handler] org.apache.hadoop.mapreduce.v2.app.speculate.DefaultSpeculator,ATTEMPT_START task_1701457076904_0422_m_000000,e215e532,ATTEMPT_START <*>,['task_1701457076904_0422_m_000000']
149,2023-12-02,09:38:42,240,INFO,[AsyncDispatcher event handler] org.apache.hadoop.mapreduce.v2.app.job.impl.TaskImpl,task_1701457076904_0422_m_000000 Task Transitioned from SCHEDULED to RUNNING,d231a1af,task_<*>_<*>_m_<*> Task Transitioned from <*> to <*>,"['1701457076904_0422', '000000', 'SCHEDULED', 'RUNNING']"
150,2023-12-02,09:38:43,032,INFO,[RMCommunicator Allocator] org.apache.hadoop.mapreduce.v2.app.rm.RMContainerRequestor,"getResources() for application_1701457076904_0422: ask=5 release= 0 newContainers=0 finishedContainers=0 resourcelimit=<memory:2048, vCores:19> knownNMs=3",6d3d97fc,"getResources() for application_<*>_<*>: ask=<*> release= <*> newContainers=<*> finishedContainers=<*> resourcelimit=<memory:<*>, vCores:<*>> knownNMs=<*>","['1701457076904_0422', '5', '0', '0', '0', '2048', '19>', '3']"
151,2023-12-02,09:38:43,033,INFO,[RMCommunicator Allocator] org.apache.hadoop.mapreduce.v2.app.rm.RMContainerAllocator,"Recalculating schedule, headroom=<memory:2048, vCores:19>",e856e146,"Recalculating schedule, headroom=<memory:<*>, vCores:<*>>","['2048', '19>']"
152,2023-12-02,09:38:43,033,INFO,[RMCommunicator Allocator] org.apache.hadoop.mapreduce.v2.app.rm.RMContainerAllocator,Reduce slow start threshold not met. completedMapsForReduceSlowstart 1,1fbfd66f,Reduce slow start threshold not met. completedMapsForReduceSlowstart <*>,['1']
153,2023-12-02,09:38:43,669,INFO,[Socket Reader #1 for port 0] SecurityLogger.org.apache.hadoop.ipc.Server,Auth successful for job_1701457076904_0422 (auth:SIMPLE) from 2f08f873c798:45086 / 192.161.20.17:45086,d8c9fc3d,Auth successful for job_<*>_<*> (auth:SIMPLE) from <*> / <*>,"['1701457076904_0422', '2f08f873c798:45086', '192.161.20.17:45086']"
154,2023-12-02,09:38:43,695,INFO,[IPC Server handler 0 on default port 39079] org.apache.hadoop.mapred.TaskAttemptListenerImpl,JVM with ID : jvm_1701457076904_0422_m_000002 asked for a task,60675cee,JVM with ID : <*> asked for a task,['jvm_1701457076904_0422_m_000002']
155,2023-12-02,09:38:43,695,INFO,[IPC Server handler 0 on default port 39079] org.apache.hadoop.mapred.TaskAttemptListenerImpl,JVM with ID: jvm_1701457076904_0422_m_000002 given task: attempt_1701457076904_0422_m_000000_0,2a1c144a,JVM with ID: <*> given task: <*>,"['jvm_1701457076904_0422_m_000002', 'attempt_1701457076904_0422_m_000000_0']"
156,2023-12-02,09:38:43,777,INFO,[Socket Reader #1 for port 0] SecurityLogger.org.apache.hadoop.ipc.Server,Auth successful for job_1701457076904_0422 (auth:SIMPLE) from cf6e5ca2712c:33226 / 192.161.20.5:33226,d8c9fc3d,Auth successful for job_<*>_<*> (auth:SIMPLE) from <*> / <*>,"['1701457076904_0422', 'cf6e5ca2712c:33226', '192.161.20.5:33226']"
157,2023-12-02,09:38:43,793,INFO,[IPC Server handler 1 on default port 39079] org.apache.hadoop.mapred.TaskAttemptListenerImpl,JVM with ID : jvm_1701457076904_0422_m_000004 asked for a task,60675cee,JVM with ID : <*> asked for a task,['jvm_1701457076904_0422_m_000004']
158,2023-12-02,09:38:43,793,INFO,[IPC Server handler 1 on default port 39079] org.apache.hadoop.mapred.TaskAttemptListenerImpl,JVM with ID: jvm_1701457076904_0422_m_000004 given task: attempt_1701457076904_0422_m_000001_0,2a1c144a,JVM with ID: <*> given task: <*>,"['jvm_1701457076904_0422_m_000004', 'attempt_1701457076904_0422_m_000001_0']"
159,2023-12-02,09:38:43,870,INFO,[Socket Reader #1 for port 0] SecurityLogger.org.apache.hadoop.ipc.Server,Auth successful for job_1701457076904_0422 (auth:SIMPLE) from ed761ad59d44:33970 / 192.161.20.23:33970,d8c9fc3d,Auth successful for job_<*>_<*> (auth:SIMPLE) from <*> / <*>,"['1701457076904_0422', 'ed761ad59d44:33970', '192.161.20.23:33970']"
160,2023-12-02,09:38:43,883,INFO,[IPC Server handler 0 on default port 39079] org.apache.hadoop.mapred.TaskAttemptListenerImpl,JVM with ID : jvm_1701457076904_0422_m_000006 asked for a task,60675cee,JVM with ID : <*> asked for a task,['jvm_1701457076904_0422_m_000006']
161,2023-12-02,09:38:43,883,INFO,[IPC Server handler 0 on default port 39079] org.apache.hadoop.mapred.TaskAttemptListenerImpl,JVM with ID: jvm_1701457076904_0422_m_000006 given task: attempt_1701457076904_0422_m_000002_0,2a1c144a,JVM with ID: <*> given task: <*>,"['jvm_1701457076904_0422_m_000006', 'attempt_1701457076904_0422_m_000002_0']"
162,2023-12-02,09:38:44,035,INFO,[RMCommunicator Allocator] org.apache.hadoop.mapreduce.v2.app.rm.RMContainerAllocator,"Recalculating schedule, headroom=<memory:2048, vCores:19>",e856e146,"Recalculating schedule, headroom=<memory:<*>, vCores:<*>>","['2048', '19>']"
163,2023-12-02,09:38:44,035,INFO,[RMCommunicator Allocator] org.apache.hadoop.mapreduce.v2.app.rm.RMContainerAllocator,Reduce slow start threshold not met. completedMapsForReduceSlowstart 1,1fbfd66f,Reduce slow start threshold not met. completedMapsForReduceSlowstart <*>,['1']
164,2023-12-02,09:38:45,037,INFO,[RMCommunicator Allocator] org.apache.hadoop.mapreduce.v2.app.rm.RMContainerAllocator,"Recalculating schedule, headroom=<memory:2048, vCores:19>",e856e146,"Recalculating schedule, headroom=<memory:<*>, vCores:<*>>","['2048', '19>']"
165,2023-12-02,09:38:45,037,INFO,[RMCommunicator Allocator] org.apache.hadoop.mapreduce.v2.app.rm.RMContainerAllocator,Reduce slow start threshold not met. completedMapsForReduceSlowstart 1,1fbfd66f,Reduce slow start threshold not met. completedMapsForReduceSlowstart <*>,['1']
166,2023-12-02,09:38:45,039,INFO,[IPC Server handler 1 on default port 39079] org.apache.hadoop.mapred.TaskAttemptListenerImpl,Progress of TaskAttempt attempt_1701457076904_0422_m_000001_0 is : 0.0,b53b8ef4,Progress of TaskAttempt <*> is : <*>.<*>,"['attempt_1701457076904_0422_m_000001_0', '0.0']"
167,2023-12-02,09:38:45,100,INFO,[IPC Server handler 2 on default port 39079] org.apache.hadoop.mapred.TaskAttemptListenerImpl,Progress of TaskAttempt attempt_1701457076904_0422_m_000001_0 is : 1.0,b53b8ef4,Progress of TaskAttempt <*> is : <*>.<*>,"['attempt_1701457076904_0422_m_000001_0', '1.0']"
168,2023-12-02,09:38:45,108,INFO,[IPC Server handler 3 on default port 39079] org.apache.hadoop.mapred.TaskAttemptListenerImpl,Done acknowledgment from attempt_1701457076904_0422_m_000001_0,6995e31f,Done acknowledgment from <*>,['attempt_1701457076904_0422_m_000001_0']
169,2023-12-02,09:38:45,111,INFO,[AsyncDispatcher event handler] org.apache.hadoop.mapreduce.v2.app.job.impl.TaskAttemptImpl,attempt_1701457076904_0422_m_000001_0 TaskAttempt Transitioned from RUNNING to SUCCESS_FINISHING_CONTAINER,590bd861,attempt_<*>_<*>_m_<*>_<*> TaskAttempt Transitioned from <*> to <*>,"['1701457076904_0422', '000001_0', 'RUNNING', 'SUCCESS_FINISHING_CONTAINER']"
170,2023-12-02,09:38:45,118,INFO,[AsyncDispatcher event handler] org.apache.hadoop.mapreduce.v2.app.job.impl.TaskImpl,Task succeeded with attempt attempt_1701457076904_0422_m_000001_0,007ded00,Task succeeded with attempt <*>,['attempt_1701457076904_0422_m_000001_0']
171,2023-12-02,09:38:45,119,INFO,[AsyncDispatcher event handler] org.apache.hadoop.mapreduce.v2.app.job.impl.TaskImpl,task_1701457076904_0422_m_000001 Task Transitioned from RUNNING to SUCCEEDED,d231a1af,task_<*>_<*>_m_<*> Task Transitioned from <*> to <*>,"['1701457076904_0422', '000001', 'RUNNING', 'SUCCEEDED']"
172,2023-12-02,09:38:45,120,INFO,[IPC Server handler 4 on default port 39079] org.apache.hadoop.mapred.TaskAttemptListenerImpl,Progress of TaskAttempt attempt_1701457076904_0422_m_000000_0 is : 0.0,b53b8ef4,Progress of TaskAttempt <*> is : <*>.<*>,"['attempt_1701457076904_0422_m_000000_0', '0.0']"
173,2023-12-02,09:38:45,121,INFO,[AsyncDispatcher event handler] org.apache.hadoop.mapreduce.v2.app.job.impl.JobImpl,Num completed Tasks: 1,3a2741bf,Num completed Tasks: <*>,['1']
174,2023-12-02,09:38:45,201,INFO,[IPC Server handler 5 on default port 39079] org.apache.hadoop.mapred.TaskAttemptListenerImpl,Progress of TaskAttempt attempt_1701457076904_0422_m_000002_0 is : 0.0,b53b8ef4,Progress of TaskAttempt <*> is : <*>.<*>,"['attempt_1701457076904_0422_m_000002_0', '0.0']"
175,2023-12-02,09:38:45,235,INFO,[IPC Server handler 6 on default port 39079] org.apache.hadoop.mapred.TaskAttemptListenerImpl,Progress of TaskAttempt attempt_1701457076904_0422_m_000002_0 is : 1.0,b53b8ef4,Progress of TaskAttempt <*> is : <*>.<*>,"['attempt_1701457076904_0422_m_000002_0', '1.0']"
176,2023-12-02,09:38:45,239,INFO,[IPC Server handler 7 on default port 39079] org.apache.hadoop.mapred.TaskAttemptListenerImpl,Done acknowledgment from attempt_1701457076904_0422_m_000002_0,6995e31f,Done acknowledgment from <*>,['attempt_1701457076904_0422_m_000002_0']
177,2023-12-02,09:38:45,240,INFO,[AsyncDispatcher event handler] org.apache.hadoop.mapreduce.v2.app.job.impl.TaskAttemptImpl,attempt_1701457076904_0422_m_000002_0 TaskAttempt Transitioned from RUNNING to SUCCESS_FINISHING_CONTAINER,590bd861,attempt_<*>_<*>_m_<*>_<*> TaskAttempt Transitioned from <*> to <*>,"['1701457076904_0422', '000002_0', 'RUNNING', 'SUCCESS_FINISHING_CONTAINER']"
178,2023-12-02,09:38:45,241,INFO,[AsyncDispatcher event handler] org.apache.hadoop.mapreduce.v2.app.job.impl.TaskImpl,Task succeeded with attempt attempt_1701457076904_0422_m_000002_0,007ded00,Task succeeded with attempt <*>,['attempt_1701457076904_0422_m_000002_0']
179,2023-12-02,09:38:45,241,INFO,[AsyncDispatcher event handler] org.apache.hadoop.mapreduce.v2.app.job.impl.TaskImpl,task_1701457076904_0422_m_000002 Task Transitioned from RUNNING to SUCCEEDED,d231a1af,task_<*>_<*>_m_<*> Task Transitioned from <*> to <*>,"['1701457076904_0422', '000002', 'RUNNING', 'SUCCEEDED']"
180,2023-12-02,09:38:45,241,INFO,[AsyncDispatcher event handler] org.apache.hadoop.mapreduce.v2.app.job.impl.JobImpl,Num completed Tasks: 2,3a2741bf,Num completed Tasks: <*>,['2']
181,2023-12-02,09:38:45,467,INFO,[IPC Server handler 8 on default port 39079] org.apache.hadoop.mapred.TaskAttemptListenerImpl,Progress of TaskAttempt attempt_1701457076904_0422_m_000000_0 is : 1.0,b53b8ef4,Progress of TaskAttempt <*> is : <*>.<*>,"['attempt_1701457076904_0422_m_000000_0', '1.0']"
182,2023-12-02,09:38:45,471,INFO,[IPC Server handler 9 on default port 39079] org.apache.hadoop.mapred.TaskAttemptListenerImpl,Done acknowledgment from attempt_1701457076904_0422_m_000000_0,6995e31f,Done acknowledgment from <*>,['attempt_1701457076904_0422_m_000000_0']
183,2023-12-02,09:38:45,472,INFO,[AsyncDispatcher event handler] org.apache.hadoop.mapreduce.v2.app.job.impl.TaskAttemptImpl,attempt_1701457076904_0422_m_000000_0 TaskAttempt Transitioned from RUNNING to SUCCESS_FINISHING_CONTAINER,590bd861,attempt_<*>_<*>_m_<*>_<*> TaskAttempt Transitioned from <*> to <*>,"['1701457076904_0422', '000000_0', 'RUNNING', 'SUCCESS_FINISHING_CONTAINER']"
184,2023-12-02,09:38:45,473,INFO,[AsyncDispatcher event handler] org.apache.hadoop.mapreduce.v2.app.job.impl.TaskImpl,Task succeeded with attempt attempt_1701457076904_0422_m_000000_0,007ded00,Task succeeded with attempt <*>,['attempt_1701457076904_0422_m_000000_0']
185,2023-12-02,09:38:45,473,INFO,[AsyncDispatcher event handler] org.apache.hadoop.mapreduce.v2.app.job.impl.TaskImpl,task_1701457076904_0422_m_000000 Task Transitioned from RUNNING to SUCCEEDED,d231a1af,task_<*>_<*>_m_<*> Task Transitioned from <*> to <*>,"['1701457076904_0422', '000000', 'RUNNING', 'SUCCEEDED']"
186,2023-12-02,09:38:45,474,INFO,[AsyncDispatcher event handler] org.apache.hadoop.mapreduce.v2.app.job.impl.JobImpl,Num completed Tasks: 3,3a2741bf,Num completed Tasks: <*>,['3']
187,2023-12-02,09:38:46,037,INFO,[RMCommunicator Allocator] org.apache.hadoop.mapreduce.v2.app.rm.RMContainerAllocator,Before Scheduling: PendingReds:5 ScheduledMaps:7 ScheduledReds:0 AssignedMaps:3 AssignedReds:0 CompletedMaps:3 CompletedReds:0 ContAlloc:3 ContRel:0 HostLocal:3 RackLocal:0,f3cfcdcd,Before Scheduling: PendingReds:<*> ScheduledMaps:<*> ScheduledReds:<*> AssignedMaps:<*> AssignedReds:<*> CompletedMaps:<*> CompletedReds:<*> ContAlloc:<*> ContRel:<*> HostLocal:<*> RackLocal:<*>,"['5', '7', '0', '3', '0', '3', '0', '3', '0', '3', '0']"
188,2023-12-02,09:38:46,046,INFO,[RMCommunicator Allocator] org.apache.hadoop.mapreduce.v2.app.rm.RMContainerAllocator,Received completed container container_1701457076904_0422_01_000006,279694a4,Received completed container container_<*>_<*>_<*>_<*>,"['1701457076904', '0422_01_000006']"
189,2023-12-02,09:38:46,046,INFO,[RMCommunicator Allocator] org.apache.hadoop.mapreduce.v2.app.rm.RMContainerAllocator,Received completed container container_1701457076904_0422_01_000002,279694a4,Received completed container container_<*>_<*>_<*>_<*>,"['1701457076904', '0422_01_000002']"
190,2023-12-02,09:38:46,047,INFO,[RMCommunicator Allocator] org.apache.hadoop.mapreduce.v2.app.rm.RMContainerAllocator,Received completed container container_1701457076904_0422_01_000004,279694a4,Received completed container container_<*>_<*>_<*>_<*>,"['1701457076904', '0422_01_000004']"
191,2023-12-02,09:38:46,047,INFO,[RMCommunicator Allocator] org.apache.hadoop.mapreduce.v2.app.rm.RMContainerAllocator,Got allocated containers 3,0f71bb1f,Got allocated containers <*>,['3']
192,2023-12-02,09:38:46,047,INFO,[AsyncDispatcher event handler] org.apache.hadoop.mapreduce.v2.app.job.impl.TaskAttemptImpl,Diagnostics report from attempt_1701457076904_0422_m_000002_0:,f7558028,Diagnostics report from <*>,['attempt_1701457076904_0422_m_000002_0:']
193,2023-12-02,09:38:46,047,INFO,[RMCommunicator Allocator] org.apache.hadoop.mapreduce.v2.app.rm.RMContainerAllocator,Assigned container container_1701457076904_0422_01_000005 to attempt_1701457076904_0422_m_000003_0,99dd87cd,Assigned container container_<*>_<*>_<*>_<*> to <*>,"['1701457076904', '0422_01_000005', 'attempt_1701457076904_0422_m_000003_0']"
194,2023-12-02,09:38:46,047,INFO,[AsyncDispatcher event handler] org.apache.hadoop.mapreduce.v2.app.job.impl.TaskAttemptImpl,attempt_1701457076904_0422_m_000002_0 TaskAttempt Transitioned from SUCCESS_FINISHING_CONTAINER to SUCCEEDED,590bd861,attempt_<*>_<*>_m_<*>_<*> TaskAttempt Transitioned from <*> to <*>,"['1701457076904_0422', '000002_0', 'SUCCESS_FINISHING_CONTAINER', 'SUCCEEDED']"
195,2023-12-02,09:38:46,047,INFO,[RMCommunicator Allocator] org.apache.hadoop.mapreduce.v2.app.rm.RMContainerAllocator,Assigned container container_1701457076904_0422_01_000007 to attempt_1701457076904_0422_m_000004_0,99dd87cd,Assigned container container_<*>_<*>_<*>_<*> to <*>,"['1701457076904', '0422_01_000007', 'attempt_1701457076904_0422_m_000004_0']"
196,2023-12-02,09:38:46,047,INFO,[AsyncDispatcher event handler] org.apache.hadoop.mapreduce.v2.app.job.impl.TaskAttemptImpl,Diagnostics report from attempt_1701457076904_0422_m_000000_0:,f7558028,Diagnostics report from <*>,['attempt_1701457076904_0422_m_000000_0:']
197,2023-12-02,09:38:46,047,INFO,[RMCommunicator Allocator] org.apache.hadoop.mapreduce.v2.app.rm.RMContainerAllocator,Assigned container container_1701457076904_0422_01_000008 to attempt_1701457076904_0422_m_000005_0,99dd87cd,Assigned container container_<*>_<*>_<*>_<*> to <*>,"['1701457076904', '0422_01_000008', 'attempt_1701457076904_0422_m_000005_0']"
198,2023-12-02,09:38:46,047,INFO,[RMCommunicator Allocator] org.apache.hadoop.mapreduce.v2.app.rm.RMContainerAllocator,"Recalculating schedule, headroom=<memory:2048, vCores:19>",e856e146,"Recalculating schedule, headroom=<memory:<*>, vCores:<*>>","['2048', '19>']"
199,2023-12-02,09:38:46,047,INFO,[RMCommunicator Allocator] org.apache.hadoop.mapreduce.v2.app.rm.RMContainerAllocator,Reduce slow start threshold reached. Scheduling reduces.,ec6b84b4,Reduce slow start threshold reached. Scheduling reduces.,[]
200,2023-12-02,09:38:46,047,INFO,[AsyncDispatcher event handler] org.apache.hadoop.mapreduce.v2.app.job.impl.TaskAttemptImpl,attempt_1701457076904_0422_m_000000_0 TaskAttempt Transitioned from SUCCESS_FINISHING_CONTAINER to SUCCEEDED,590bd861,attempt_<*>_<*>_m_<*>_<*> TaskAttempt Transitioned from <*> to <*>,"['1701457076904_0422', '000000_0', 'SUCCESS_FINISHING_CONTAINER', 'SUCCEEDED']"
201,2023-12-02,09:38:46,047,INFO,[RMCommunicator Allocator] org.apache.hadoop.mapreduce.v2.app.rm.RMContainerAllocator,"completedMapPercent 0.3 totalResourceLimit:<memory:17408, vCores:22> finalMapResourceLimit:<memory:12186, vCores:16> finalReduceResourceLimit:<memory:5222, vCores:6> netScheduledMapResource:<memory:35840, vCores:7> netScheduledReduceResource:<memory:0, vCores:0>",1885a18a,"completedMapPercent <*>.<*> totalResourceLimit:<memory:<*>, vCores:<*>> finalMapResourceLimit:<memory:<*>, vCores:<*>> finalReduceResourceLimit:<memory:<*>, vCores:<*>> netScheduledMapResource:<memory:<*>, vCores:<*>> netScheduledReduceResource:<memory:<*>, vCores:<*>>","['0.3', '17408', '22>', '12186', '16>', '5222', '6>', '35840', '7>', '0', '0>']"
202,2023-12-02,09:38:46,048,INFO,[RMCommunicator Allocator] org.apache.hadoop.mapreduce.v2.app.rm.RMContainerAllocator,Ramping up 1,abfa93dd,Ramping up <*>,['1']
203,2023-12-02,09:38:46,047,INFO,[AsyncDispatcher event handler] org.apache.hadoop.mapreduce.v2.app.job.impl.TaskAttemptImpl,Diagnostics report from attempt_1701457076904_0422_m_000001_0:,f7558028,Diagnostics report from <*>,['attempt_1701457076904_0422_m_000001_0:']
204,2023-12-02,09:38:46,048,INFO,[RMCommunicator Allocator] org.apache.hadoop.mapreduce.v2.app.rm.RMContainerAllocator,After Scheduling: PendingReds:4 ScheduledMaps:4 ScheduledReds:1 AssignedMaps:3 AssignedReds:0 CompletedMaps:3 CompletedReds:0 ContAlloc:6 ContRel:0 HostLocal:6 RackLocal:0,b1bdc9c9,After Scheduling: PendingReds:<*> ScheduledMaps:<*> ScheduledReds:<*> AssignedMaps:<*> AssignedReds:<*> CompletedMaps:<*> CompletedReds:<*> ContAlloc:<*> ContRel:<*> HostLocal:<*> RackLocal:<*>,"['4', '4', '1', '3', '0', '3', '0', '6', '0', '6', '0']"
205,2023-12-02,09:38:46,048,INFO,[AsyncDispatcher event handler] org.apache.hadoop.mapreduce.v2.app.job.impl.TaskAttemptImpl,attempt_1701457076904_0422_m_000001_0 TaskAttempt Transitioned from SUCCESS_FINISHING_CONTAINER to SUCCEEDED,590bd861,attempt_<*>_<*>_m_<*>_<*> TaskAttempt Transitioned from <*> to <*>,"['1701457076904_0422', '000001_0', 'SUCCESS_FINISHING_CONTAINER', 'SUCCEEDED']"
206,2023-12-02,09:38:46,051,INFO,[AsyncDispatcher event handler] org.apache.hadoop.mapreduce.v2.app.job.impl.TaskAttemptImpl,attempt_1701457076904_0422_m_000003_0 TaskAttempt Transitioned from UNASSIGNED to ASSIGNED,590bd861,attempt_<*>_<*>_m_<*>_<*> TaskAttempt Transitioned from <*> to <*>,"['1701457076904_0422', '000003_0', 'UNASSIGNED', 'ASSIGNED']"
207,2023-12-02,09:38:46,053,INFO,[ContainerLauncher #3] org.apache.hadoop.mapreduce.v2.app.launcher.ContainerLauncherImpl,Processing the event EventType: CONTAINER_COMPLETED for container container_1701457076904_0422_01_000006 taskAttempt attempt_1701457076904_0422_m_000002_0,36fc78d1,Processing the event EventType: <*> for container container_<*>_<*>_<*>_<*> taskAttempt <*>,"['CONTAINER_COMPLETED', '1701457076904', '0422_01_000006', 'attempt_1701457076904_0422_m_000002_0']"
208,2023-12-02,09:38:46,055,INFO,[AsyncDispatcher event handler] org.apache.hadoop.mapreduce.v2.app.job.impl.TaskAttemptImpl,attempt_1701457076904_0422_m_000004_0 TaskAttempt Transitioned from UNASSIGNED to ASSIGNED,590bd861,attempt_<*>_<*>_m_<*>_<*> TaskAttempt Transitioned from <*> to <*>,"['1701457076904_0422', '000004_0', 'UNASSIGNED', 'ASSIGNED']"
209,2023-12-02,09:38:46,057,INFO,[AsyncDispatcher event handler] org.apache.hadoop.mapreduce.v2.app.job.impl.TaskAttemptImpl,attempt_1701457076904_0422_m_000005_0 TaskAttempt Transitioned from UNASSIGNED to ASSIGNED,590bd861,attempt_<*>_<*>_m_<*>_<*> TaskAttempt Transitioned from <*> to <*>,"['1701457076904_0422', '000005_0', 'UNASSIGNED', 'ASSIGNED']"
210,2023-12-02,09:38:46,058,INFO,[ContainerLauncher #4] org.apache.hadoop.mapreduce.v2.app.launcher.ContainerLauncherImpl,Processing the event EventType: CONTAINER_COMPLETED for container container_1701457076904_0422_01_000002 taskAttempt attempt_1701457076904_0422_m_000000_0,36fc78d1,Processing the event EventType: <*> for container container_<*>_<*>_<*>_<*> taskAttempt <*>,"['CONTAINER_COMPLETED', '1701457076904', '0422_01_000002', 'attempt_1701457076904_0422_m_000000_0']"
211,2023-12-02,09:38:46,058,INFO,[ContainerLauncher #5] org.apache.hadoop.mapreduce.v2.app.launcher.ContainerLauncherImpl,Processing the event EventType: CONTAINER_COMPLETED for container container_1701457076904_0422_01_000004 taskAttempt attempt_1701457076904_0422_m_000001_0,36fc78d1,Processing the event EventType: <*> for container container_<*>_<*>_<*>_<*> taskAttempt <*>,"['CONTAINER_COMPLETED', '1701457076904', '0422_01_000004', 'attempt_1701457076904_0422_m_000001_0']"
212,2023-12-02,09:38:46,058,INFO,[ContainerLauncher #7] org.apache.hadoop.mapreduce.v2.app.launcher.ContainerLauncherImpl,Processing the event EventType: CONTAINER_REMOTE_LAUNCH for container container_1701457076904_0422_01_000007 taskAttempt attempt_1701457076904_0422_m_000004_0,36fc78d1,Processing the event EventType: <*> for container container_<*>_<*>_<*>_<*> taskAttempt <*>,"['CONTAINER_REMOTE_LAUNCH', '1701457076904', '0422_01_000007', 'attempt_1701457076904_0422_m_000004_0']"
213,2023-12-02,09:38:46,058,INFO,[ContainerLauncher #8] org.apache.hadoop.mapreduce.v2.app.launcher.ContainerLauncherImpl,Processing the event EventType: CONTAINER_REMOTE_LAUNCH for container container_1701457076904_0422_01_000008 taskAttempt attempt_1701457076904_0422_m_000005_0,36fc78d1,Processing the event EventType: <*> for container container_<*>_<*>_<*>_<*> taskAttempt <*>,"['CONTAINER_REMOTE_LAUNCH', '1701457076904', '0422_01_000008', 'attempt_1701457076904_0422_m_000005_0']"
214,2023-12-02,09:38:46,059,INFO,[ContainerLauncher #6] org.apache.hadoop.mapreduce.v2.app.launcher.ContainerLauncherImpl,Processing the event EventType: CONTAINER_REMOTE_LAUNCH for container container_1701457076904_0422_01_000005 taskAttempt attempt_1701457076904_0422_m_000003_0,36fc78d1,Processing the event EventType: <*> for container container_<*>_<*>_<*>_<*> taskAttempt <*>,"['CONTAINER_REMOTE_LAUNCH', '1701457076904', '0422_01_000005', 'attempt_1701457076904_0422_m_000003_0']"
215,2023-12-02,09:38:46,059,INFO,[ContainerLauncher #8] org.apache.hadoop.mapreduce.v2.app.launcher.ContainerLauncherImpl,Launching attempt_1701457076904_0422_m_000005_0,df347da1,Launching <*>,['attempt_1701457076904_0422_m_000005_0']
216,2023-12-02,09:38:46,059,INFO,[ContainerLauncher #7] org.apache.hadoop.mapreduce.v2.app.launcher.ContainerLauncherImpl,Launching attempt_1701457076904_0422_m_000004_0,df347da1,Launching <*>,['attempt_1701457076904_0422_m_000004_0']
217,2023-12-02,09:38:46,059,INFO,[ContainerLauncher #6] org.apache.hadoop.mapreduce.v2.app.launcher.ContainerLauncherImpl,Launching attempt_1701457076904_0422_m_000003_0,df347da1,Launching <*>,['attempt_1701457076904_0422_m_000003_0']
218,2023-12-02,09:38:46,076,INFO,[ContainerLauncher #8] org.apache.hadoop.mapreduce.v2.app.launcher.ContainerLauncherImpl,Shuffle port returned by ContainerManager for attempt_1701457076904_0422_m_000005_0 : 13562,f4ac93f2,Shuffle port returned by ContainerManager for <*> : <*>,"['attempt_1701457076904_0422_m_000005_0', '13562']"
219,2023-12-02,09:38:46,077,INFO,[AsyncDispatcher event handler] org.apache.hadoop.mapreduce.v2.app.job.impl.TaskAttemptImpl,TaskAttempt: [attempt_1701457076904_0422_m_000005_0] using containerId: [container_1701457076904_0422_01_000008 on NM: [2f08f873c798:42181],97232dd5,TaskAttempt: <*> using containerId: [container_<*>_<*>_<*>_<*> on NM: <*>,"['[attempt_1701457076904_0422_m_000005_0]', '1701457076904', '0422_01_000008', '[2f08f873c798:42181]']"
220,2023-12-02,09:38:46,077,INFO,[AsyncDispatcher event handler] org.apache.hadoop.mapreduce.v2.app.job.impl.TaskAttemptImpl,attempt_1701457076904_0422_m_000005_0 TaskAttempt Transitioned from ASSIGNED to RUNNING,590bd861,attempt_<*>_<*>_m_<*>_<*> TaskAttempt Transitioned from <*> to <*>,"['1701457076904_0422', '000005_0', 'ASSIGNED', 'RUNNING']"
221,2023-12-02,09:38:46,077,INFO,[AsyncDispatcher event handler] org.apache.hadoop.mapreduce.v2.app.speculate.DefaultSpeculator,ATTEMPT_START task_1701457076904_0422_m_000005,e215e532,ATTEMPT_START <*>,['task_1701457076904_0422_m_000005']
222,2023-12-02,09:38:46,078,INFO,[AsyncDispatcher event handler] org.apache.hadoop.mapreduce.v2.app.job.impl.TaskImpl,task_1701457076904_0422_m_000005 Task Transitioned from SCHEDULED to RUNNING,d231a1af,task_<*>_<*>_m_<*> Task Transitioned from <*> to <*>,"['1701457076904_0422', '000005', 'SCHEDULED', 'RUNNING']"
223,2023-12-02,09:38:46,084,INFO,[ContainerLauncher #6] org.apache.hadoop.mapreduce.v2.app.launcher.ContainerLauncherImpl,Shuffle port returned by ContainerManager for attempt_1701457076904_0422_m_000003_0 : 13562,f4ac93f2,Shuffle port returned by ContainerManager for <*> : <*>,"['attempt_1701457076904_0422_m_000003_0', '13562']"
224,2023-12-02,09:38:46,084,INFO,[AsyncDispatcher event handler] org.apache.hadoop.mapreduce.v2.app.job.impl.TaskAttemptImpl,TaskAttempt: [attempt_1701457076904_0422_m_000003_0] using containerId: [container_1701457076904_0422_01_000005 on NM: [cf6e5ca2712c:42253],97232dd5,TaskAttempt: <*> using containerId: [container_<*>_<*>_<*>_<*> on NM: <*>,"['[attempt_1701457076904_0422_m_000003_0]', '1701457076904', '0422_01_000005', '[cf6e5ca2712c:42253]']"
225,2023-12-02,09:38:46,084,INFO,[AsyncDispatcher event handler] org.apache.hadoop.mapreduce.v2.app.job.impl.TaskAttemptImpl,attempt_1701457076904_0422_m_000003_0 TaskAttempt Transitioned from ASSIGNED to RUNNING,590bd861,attempt_<*>_<*>_m_<*>_<*> TaskAttempt Transitioned from <*> to <*>,"['1701457076904_0422', '000003_0', 'ASSIGNED', 'RUNNING']"
226,2023-12-02,09:38:46,084,INFO,[AsyncDispatcher event handler] org.apache.hadoop.mapreduce.v2.app.speculate.DefaultSpeculator,ATTEMPT_START task_1701457076904_0422_m_000003,e215e532,ATTEMPT_START <*>,['task_1701457076904_0422_m_000003']
227,2023-12-02,09:38:46,084,INFO,[AsyncDispatcher event handler] org.apache.hadoop.mapreduce.v2.app.job.impl.TaskImpl,task_1701457076904_0422_m_000003 Task Transitioned from SCHEDULED to RUNNING,d231a1af,task_<*>_<*>_m_<*> Task Transitioned from <*> to <*>,"['1701457076904_0422', '000003', 'SCHEDULED', 'RUNNING']"
228,2023-12-02,09:38:46,091,INFO,[ContainerLauncher #7] org.apache.hadoop.mapreduce.v2.app.launcher.ContainerLauncherImpl,Shuffle port returned by ContainerManager for attempt_1701457076904_0422_m_000004_0 : 13562,f4ac93f2,Shuffle port returned by ContainerManager for <*> : <*>,"['attempt_1701457076904_0422_m_000004_0', '13562']"
229,2023-12-02,09:38:46,091,INFO,[AsyncDispatcher event handler] org.apache.hadoop.mapreduce.v2.app.job.impl.TaskAttemptImpl,TaskAttempt: [attempt_1701457076904_0422_m_000004_0] using containerId: [container_1701457076904_0422_01_000007 on NM: [ed761ad59d44:41819],97232dd5,TaskAttempt: <*> using containerId: [container_<*>_<*>_<*>_<*> on NM: <*>,"['[attempt_1701457076904_0422_m_000004_0]', '1701457076904', '0422_01_000007', '[ed761ad59d44:41819]']"
230,2023-12-02,09:38:46,091,INFO,[AsyncDispatcher event handler] org.apache.hadoop.mapreduce.v2.app.job.impl.TaskAttemptImpl,attempt_1701457076904_0422_m_000004_0 TaskAttempt Transitioned from ASSIGNED to RUNNING,590bd861,attempt_<*>_<*>_m_<*>_<*> TaskAttempt Transitioned from <*> to <*>,"['1701457076904_0422', '000004_0', 'ASSIGNED', 'RUNNING']"
231,2023-12-02,09:38:46,091,INFO,[AsyncDispatcher event handler] org.apache.hadoop.mapreduce.v2.app.speculate.DefaultSpeculator,ATTEMPT_START task_1701457076904_0422_m_000004,e215e532,ATTEMPT_START <*>,['task_1701457076904_0422_m_000004']
232,2023-12-02,09:38:46,091,INFO,[AsyncDispatcher event handler] org.apache.hadoop.mapreduce.v2.app.job.impl.TaskImpl,task_1701457076904_0422_m_000004 Task Transitioned from SCHEDULED to RUNNING,d231a1af,task_<*>_<*>_m_<*> Task Transitioned from <*> to <*>,"['1701457076904_0422', '000004', 'SCHEDULED', 'RUNNING']"
233,2023-12-02,09:38:47,050,INFO,[RMCommunicator Allocator] org.apache.hadoop.mapreduce.v2.app.rm.RMContainerRequestor,"getResources() for application_1701457076904_0422: ask=6 release= 0 newContainers=0 finishedContainers=0 resourcelimit=<memory:2048, vCores:19> knownNMs=3",6d3d97fc,"getResources() for application_<*>_<*>: ask=<*> release= <*> newContainers=<*> finishedContainers=<*> resourcelimit=<memory:<*>, vCores:<*>> knownNMs=<*>","['1701457076904_0422', '6', '0', '0', '0', '2048', '19>', '3']"
234,2023-12-02,09:38:47,050,INFO,[RMCommunicator Allocator] org.apache.hadoop.mapreduce.v2.app.rm.RMContainerAllocator,"Recalculating schedule, headroom=<memory:2048, vCores:19>",e856e146,"Recalculating schedule, headroom=<memory:<*>, vCores:<*>>","['2048', '19>']"
235,2023-12-02,09:38:47,050,INFO,[RMCommunicator Allocator] org.apache.hadoop.mapreduce.v2.app.rm.RMContainerAllocator,"completedMapPercent 0.3 totalResourceLimit:<memory:17408, vCores:22> finalMapResourceLimit:<memory:12186, vCores:16> finalReduceResourceLimit:<memory:5222, vCores:6> netScheduledMapResource:<memory:35840, vCores:7> netScheduledReduceResource:<memory:5120, vCores:1>",1885a18a,"completedMapPercent <*>.<*> totalResourceLimit:<memory:<*>, vCores:<*>> finalMapResourceLimit:<memory:<*>, vCores:<*>> finalReduceResourceLimit:<memory:<*>, vCores:<*>> netScheduledMapResource:<memory:<*>, vCores:<*>> netScheduledReduceResource:<memory:<*>, vCores:<*>>","['0.3', '17408', '22>', '12186', '16>', '5222', '6>', '35840', '7>', '5120', '1>']"
236,2023-12-02,09:38:47,546,INFO,[Socket Reader #1 for port 0] SecurityLogger.org.apache.hadoop.ipc.Server,Auth successful for job_1701457076904_0422 (auth:SIMPLE) from cf6e5ca2712c:33230 / 192.161.20.5:33230,d8c9fc3d,Auth successful for job_<*>_<*> (auth:SIMPLE) from <*> / <*>,"['1701457076904_0422', 'cf6e5ca2712c:33230', '192.161.20.5:33230']"
237,2023-12-02,09:38:47,561,INFO,[IPC Server handler 11 on default port 39079] org.apache.hadoop.mapred.TaskAttemptListenerImpl,JVM with ID : jvm_1701457076904_0422_m_000005 asked for a task,60675cee,JVM with ID : <*> asked for a task,['jvm_1701457076904_0422_m_000005']
238,2023-12-02,09:38:47,561,INFO,[IPC Server handler 11 on default port 39079] org.apache.hadoop.mapred.TaskAttemptListenerImpl,JVM with ID: jvm_1701457076904_0422_m_000005 given task: attempt_1701457076904_0422_m_000003_0,2a1c144a,JVM with ID: <*> given task: <*>,"['jvm_1701457076904_0422_m_000005', 'attempt_1701457076904_0422_m_000003_0']"
239,2023-12-02,09:38:47,629,INFO,[Socket Reader #1 for port 0] SecurityLogger.org.apache.hadoop.ipc.Server,Auth successful for job_1701457076904_0422 (auth:SIMPLE) from ed761ad59d44:33980 / 192.161.20.23:33980,d8c9fc3d,Auth successful for job_<*>_<*> (auth:SIMPLE) from <*> / <*>,"['1701457076904_0422', 'ed761ad59d44:33980', '192.161.20.23:33980']"
240,2023-12-02,09:38:47,642,INFO,[Socket Reader #1 for port 0] SecurityLogger.org.apache.hadoop.ipc.Server,Auth successful for job_1701457076904_0422 (auth:SIMPLE) from 2f08f873c798:45102 / 192.161.20.17:45102,d8c9fc3d,Auth successful for job_<*>_<*> (auth:SIMPLE) from <*> / <*>,"['1701457076904_0422', '2f08f873c798:45102', '192.161.20.17:45102']"
241,2023-12-02,09:38:47,644,INFO,[IPC Server handler 12 on default port 39079] org.apache.hadoop.mapred.TaskAttemptListenerImpl,JVM with ID : jvm_1701457076904_0422_m_000007 asked for a task,60675cee,JVM with ID : <*> asked for a task,['jvm_1701457076904_0422_m_000007']
242,2023-12-02,09:38:47,644,INFO,[IPC Server handler 12 on default port 39079] org.apache.hadoop.mapred.TaskAttemptListenerImpl,JVM with ID: jvm_1701457076904_0422_m_000007 given task: attempt_1701457076904_0422_m_000004_0,2a1c144a,JVM with ID: <*> given task: <*>,"['jvm_1701457076904_0422_m_000007', 'attempt_1701457076904_0422_m_000004_0']"
243,2023-12-02,09:38:47,664,INFO,[IPC Server handler 13 on default port 39079] org.apache.hadoop.mapred.TaskAttemptListenerImpl,JVM with ID : jvm_1701457076904_0422_m_000008 asked for a task,60675cee,JVM with ID : <*> asked for a task,['jvm_1701457076904_0422_m_000008']
244,2023-12-02,09:38:47,664,INFO,[IPC Server handler 13 on default port 39079] org.apache.hadoop.mapred.TaskAttemptListenerImpl,JVM with ID: jvm_1701457076904_0422_m_000008 given task: attempt_1701457076904_0422_m_000005_0,2a1c144a,JVM with ID: <*> given task: <*>,"['jvm_1701457076904_0422_m_000008', 'attempt_1701457076904_0422_m_000005_0']"
245,2023-12-02,09:38:48,052,INFO,[RMCommunicator Allocator] org.apache.hadoop.mapreduce.v2.app.rm.RMContainerAllocator,"Recalculating schedule, headroom=<memory:2048, vCores:19>",e856e146,"Recalculating schedule, headroom=<memory:<*>, vCores:<*>>","['2048', '19>']"
246,2023-12-02,09:38:48,053,INFO,[RMCommunicator Allocator] org.apache.hadoop.mapreduce.v2.app.rm.RMContainerAllocator,"completedMapPercent 0.3 totalResourceLimit:<memory:17408, vCores:22> finalMapResourceLimit:<memory:12186, vCores:16> finalReduceResourceLimit:<memory:5222, vCores:6> netScheduledMapResource:<memory:35840, vCores:7> netScheduledReduceResource:<memory:5120, vCores:1>",1885a18a,"completedMapPercent <*>.<*> totalResourceLimit:<memory:<*>, vCores:<*>> finalMapResourceLimit:<memory:<*>, vCores:<*>> finalReduceResourceLimit:<memory:<*>, vCores:<*>> netScheduledMapResource:<memory:<*>, vCores:<*>> netScheduledReduceResource:<memory:<*>, vCores:<*>>","['0.3', '17408', '22>', '12186', '16>', '5222', '6>', '35840', '7>', '5120', '1>']"
247,2023-12-02,09:38:48,927,INFO,[IPC Server handler 1 on default port 39079] org.apache.hadoop.mapred.TaskAttemptListenerImpl,Progress of TaskAttempt attempt_1701457076904_0422_m_000003_0 is : 0.0,b53b8ef4,Progress of TaskAttempt <*> is : <*>.<*>,"['attempt_1701457076904_0422_m_000003_0', '0.0']"
248,2023-12-02,09:38:48,957,INFO,[IPC Server handler 2 on default port 39079] org.apache.hadoop.mapred.TaskAttemptListenerImpl,Progress of TaskAttempt attempt_1701457076904_0422_m_000004_0 is : 0.0,b53b8ef4,Progress of TaskAttempt <*> is : <*>.<*>,"['attempt_1701457076904_0422_m_000004_0', '0.0']"
249,2023-12-02,09:38:48,982,INFO,[IPC Server handler 3 on default port 39079] org.apache.hadoop.mapred.TaskAttemptListenerImpl,Progress of TaskAttempt attempt_1701457076904_0422_m_000003_0 is : 1.0,b53b8ef4,Progress of TaskAttempt <*> is : <*>.<*>,"['attempt_1701457076904_0422_m_000003_0', '1.0']"
250,2023-12-02,09:38:48,984,INFO,[IPC Server handler 4 on default port 39079] org.apache.hadoop.mapred.TaskAttemptListenerImpl,Done acknowledgment from attempt_1701457076904_0422_m_000003_0,6995e31f,Done acknowledgment from <*>,['attempt_1701457076904_0422_m_000003_0']
251,2023-12-02,09:38:48,986,INFO,[AsyncDispatcher event handler] org.apache.hadoop.mapreduce.v2.app.job.impl.TaskAttemptImpl,attempt_1701457076904_0422_m_000003_0 TaskAttempt Transitioned from RUNNING to SUCCESS_FINISHING_CONTAINER,590bd861,attempt_<*>_<*>_m_<*>_<*> TaskAttempt Transitioned from <*> to <*>,"['1701457076904_0422', '000003_0', 'RUNNING', 'SUCCESS_FINISHING_CONTAINER']"
252,2023-12-02,09:38:48,986,INFO,[AsyncDispatcher event handler] org.apache.hadoop.mapreduce.v2.app.job.impl.TaskImpl,Task succeeded with attempt attempt_1701457076904_0422_m_000003_0,007ded00,Task succeeded with attempt <*>,['attempt_1701457076904_0422_m_000003_0']
253,2023-12-02,09:38:48,986,INFO,[AsyncDispatcher event handler] org.apache.hadoop.mapreduce.v2.app.job.impl.TaskImpl,task_1701457076904_0422_m_000003 Task Transitioned from RUNNING to SUCCEEDED,d231a1af,task_<*>_<*>_m_<*> Task Transitioned from <*> to <*>,"['1701457076904_0422', '000003', 'RUNNING', 'SUCCEEDED']"
254,2023-12-02,09:38:48,987,INFO,[AsyncDispatcher event handler] org.apache.hadoop.mapreduce.v2.app.job.impl.JobImpl,Num completed Tasks: 4,3a2741bf,Num completed Tasks: <*>,['4']
255,2023-12-02,09:38:48,998,INFO,[IPC Server handler 5 on default port 39079] org.apache.hadoop.mapred.TaskAttemptListenerImpl,Progress of TaskAttempt attempt_1701457076904_0422_m_000004_0 is : 1.0,b53b8ef4,Progress of TaskAttempt <*> is : <*>.<*>,"['attempt_1701457076904_0422_m_000004_0', '1.0']"
256,2023-12-02,09:38:49,001,INFO,[IPC Server handler 6 on default port 39079] org.apache.hadoop.mapred.TaskAttemptListenerImpl,Done acknowledgment from attempt_1701457076904_0422_m_000004_0,6995e31f,Done acknowledgment from <*>,['attempt_1701457076904_0422_m_000004_0']
257,2023-12-02,09:38:49,002,INFO,[AsyncDispatcher event handler] org.apache.hadoop.mapreduce.v2.app.job.impl.TaskAttemptImpl,attempt_1701457076904_0422_m_000004_0 TaskAttempt Transitioned from RUNNING to SUCCESS_FINISHING_CONTAINER,590bd861,attempt_<*>_<*>_m_<*>_<*> TaskAttempt Transitioned from <*> to <*>,"['1701457076904_0422', '000004_0', 'RUNNING', 'SUCCESS_FINISHING_CONTAINER']"
258,2023-12-02,09:38:49,002,INFO,[AsyncDispatcher event handler] org.apache.hadoop.mapreduce.v2.app.job.impl.TaskImpl,Task succeeded with attempt attempt_1701457076904_0422_m_000004_0,007ded00,Task succeeded with attempt <*>,['attempt_1701457076904_0422_m_000004_0']
259,2023-12-02,09:38:49,003,INFO,[AsyncDispatcher event handler] org.apache.hadoop.mapreduce.v2.app.job.impl.TaskImpl,task_1701457076904_0422_m_000004 Task Transitioned from RUNNING to SUCCEEDED,d231a1af,task_<*>_<*>_m_<*> Task Transitioned from <*> to <*>,"['1701457076904_0422', '000004', 'RUNNING', 'SUCCEEDED']"
260,2023-12-02,09:38:49,003,INFO,[AsyncDispatcher event handler] org.apache.hadoop.mapreduce.v2.app.job.impl.JobImpl,Num completed Tasks: 5,3a2741bf,Num completed Tasks: <*>,['5']
261,2023-12-02,09:38:49,053,INFO,[RMCommunicator Allocator] org.apache.hadoop.mapreduce.v2.app.rm.RMContainerAllocator,Before Scheduling: PendingReds:4 ScheduledMaps:4 ScheduledReds:1 AssignedMaps:3 AssignedReds:0 CompletedMaps:5 CompletedReds:0 ContAlloc:6 ContRel:0 HostLocal:6 RackLocal:0,f3cfcdcd,Before Scheduling: PendingReds:<*> ScheduledMaps:<*> ScheduledReds:<*> AssignedMaps:<*> AssignedReds:<*> CompletedMaps:<*> CompletedReds:<*> ContAlloc:<*> ContRel:<*> HostLocal:<*> RackLocal:<*>,"['4', '4', '1', '3', '0', '5', '0', '6', '0', '6', '0']"
262,2023-12-02,09:38:49,055,INFO,[RMCommunicator Allocator] org.apache.hadoop.mapreduce.v2.app.rm.RMContainerAllocator,"Recalculating schedule, headroom=<memory:2048, vCores:19>",e856e146,"Recalculating schedule, headroom=<memory:<*>, vCores:<*>>","['2048', '19>']"
263,2023-12-02,09:38:49,055,INFO,[RMCommunicator Allocator] org.apache.hadoop.mapreduce.v2.app.rm.RMContainerAllocator,"completedMapPercent 0.5 totalResourceLimit:<memory:17408, vCores:22> finalMapResourceLimit:<memory:8704, vCores:11> finalReduceResourceLimit:<memory:8704, vCores:11> netScheduledMapResource:<memory:35840, vCores:7> netScheduledReduceResource:<memory:5120, vCores:1>",1885a18a,"completedMapPercent <*>.<*> totalResourceLimit:<memory:<*>, vCores:<*>> finalMapResourceLimit:<memory:<*>, vCores:<*>> finalReduceResourceLimit:<memory:<*>, vCores:<*>> netScheduledMapResource:<memory:<*>, vCores:<*>> netScheduledReduceResource:<memory:<*>, vCores:<*>>","['0.5', '17408', '22>', '8704', '11>', '8704', '11>', '35840', '7>', '5120', '1>']"
264,2023-12-02,09:38:49,139,INFO,[IPC Server handler 7 on default port 39079] org.apache.hadoop.mapred.TaskAttemptListenerImpl,Progress of TaskAttempt attempt_1701457076904_0422_m_000005_0 is : 0.0,b53b8ef4,Progress of TaskAttempt <*> is : <*>.<*>,"['attempt_1701457076904_0422_m_000005_0', '0.0']"
265,2023-12-02,09:38:49,458,INFO,[IPC Server handler 8 on default port 39079] org.apache.hadoop.mapred.TaskAttemptListenerImpl,Progress of TaskAttempt attempt_1701457076904_0422_m_000005_0 is : 1.0,b53b8ef4,Progress of TaskAttempt <*> is : <*>.<*>,"['attempt_1701457076904_0422_m_000005_0', '1.0']"
266,2023-12-02,09:38:49,461,INFO,[IPC Server handler 9 on default port 39079] org.apache.hadoop.mapred.TaskAttemptListenerImpl,Done acknowledgment from attempt_1701457076904_0422_m_000005_0,6995e31f,Done acknowledgment from <*>,['attempt_1701457076904_0422_m_000005_0']
267,2023-12-02,09:38:49,462,INFO,[AsyncDispatcher event handler] org.apache.hadoop.mapreduce.v2.app.job.impl.TaskAttemptImpl,attempt_1701457076904_0422_m_000005_0 TaskAttempt Transitioned from RUNNING to SUCCESS_FINISHING_CONTAINER,590bd861,attempt_<*>_<*>_m_<*>_<*> TaskAttempt Transitioned from <*> to <*>,"['1701457076904_0422', '000005_0', 'RUNNING', 'SUCCESS_FINISHING_CONTAINER']"
268,2023-12-02,09:38:49,462,INFO,[AsyncDispatcher event handler] org.apache.hadoop.mapreduce.v2.app.job.impl.TaskImpl,Task succeeded with attempt attempt_1701457076904_0422_m_000005_0,007ded00,Task succeeded with attempt <*>,['attempt_1701457076904_0422_m_000005_0']
269,2023-12-02,09:38:49,463,INFO,[AsyncDispatcher event handler] org.apache.hadoop.mapreduce.v2.app.job.impl.TaskImpl,task_1701457076904_0422_m_000005 Task Transitioned from RUNNING to SUCCEEDED,d231a1af,task_<*>_<*>_m_<*> Task Transitioned from <*> to <*>,"['1701457076904_0422', '000005', 'RUNNING', 'SUCCEEDED']"
270,2023-12-02,09:38:49,463,INFO,[AsyncDispatcher event handler] org.apache.hadoop.mapreduce.v2.app.job.impl.JobImpl,Num completed Tasks: 6,3a2741bf,Num completed Tasks: <*>,['6']
271,2023-12-02,09:38:50,055,INFO,[RMCommunicator Allocator] org.apache.hadoop.mapreduce.v2.app.rm.RMContainerAllocator,Before Scheduling: PendingReds:4 ScheduledMaps:4 ScheduledReds:1 AssignedMaps:3 AssignedReds:0 CompletedMaps:6 CompletedReds:0 ContAlloc:6 ContRel:0 HostLocal:6 RackLocal:0,f3cfcdcd,Before Scheduling: PendingReds:<*> ScheduledMaps:<*> ScheduledReds:<*> AssignedMaps:<*> AssignedReds:<*> CompletedMaps:<*> CompletedReds:<*> ContAlloc:<*> ContRel:<*> HostLocal:<*> RackLocal:<*>,"['4', '4', '1', '3', '0', '6', '0', '6', '0', '6', '0']"
272,2023-12-02,09:38:50,060,INFO,[RMCommunicator Allocator] org.apache.hadoop.mapreduce.v2.app.rm.RMContainerAllocator,Received completed container container_1701457076904_0422_01_000007,279694a4,Received completed container container_<*>_<*>_<*>_<*>,"['1701457076904', '0422_01_000007']"
273,2023-12-02,09:38:50,060,INFO,[RMCommunicator Allocator] org.apache.hadoop.mapreduce.v2.app.rm.RMContainerAllocator,Received completed container container_1701457076904_0422_01_000008,279694a4,Received completed container container_<*>_<*>_<*>_<*>,"['1701457076904', '0422_01_000008']"
274,2023-12-02,09:38:50,060,INFO,[RMCommunicator Allocator] org.apache.hadoop.mapreduce.v2.app.rm.RMContainerAllocator,Received completed container container_1701457076904_0422_01_000005,279694a4,Received completed container container_<*>_<*>_<*>_<*>,"['1701457076904', '0422_01_000005']"
275,2023-12-02,09:38:50,060,INFO,[AsyncDispatcher event handler] org.apache.hadoop.mapreduce.v2.app.job.impl.TaskAttemptImpl,Diagnostics report from attempt_1701457076904_0422_m_000004_0:,f7558028,Diagnostics report from <*>,['attempt_1701457076904_0422_m_000004_0:']
276,2023-12-02,09:38:50,061,INFO,[AsyncDispatcher event handler] org.apache.hadoop.mapreduce.v2.app.job.impl.TaskAttemptImpl,attempt_1701457076904_0422_m_000004_0 TaskAttempt Transitioned from SUCCESS_FINISHING_CONTAINER to SUCCEEDED,590bd861,attempt_<*>_<*>_m_<*>_<*> TaskAttempt Transitioned from <*> to <*>,"['1701457076904_0422', '000004_0', 'SUCCESS_FINISHING_CONTAINER', 'SUCCEEDED']"
277,2023-12-02,09:38:50,061,INFO,[AsyncDispatcher event handler] org.apache.hadoop.mapreduce.v2.app.job.impl.TaskAttemptImpl,Diagnostics report from attempt_1701457076904_0422_m_000005_0:,f7558028,Diagnostics report from <*>,['attempt_1701457076904_0422_m_000005_0:']
278,2023-12-02,09:38:50,061,INFO,[AsyncDispatcher event handler] org.apache.hadoop.mapreduce.v2.app.job.impl.TaskAttemptImpl,attempt_1701457076904_0422_m_000005_0 TaskAttempt Transitioned from SUCCESS_FINISHING_CONTAINER to SUCCEEDED,590bd861,attempt_<*>_<*>_m_<*>_<*> TaskAttempt Transitioned from <*> to <*>,"['1701457076904_0422', '000005_0', 'SUCCESS_FINISHING_CONTAINER', 'SUCCEEDED']"
279,2023-12-02,09:38:50,061,INFO,[AsyncDispatcher event handler] org.apache.hadoop.mapreduce.v2.app.job.impl.TaskAttemptImpl,Diagnostics report from attempt_1701457076904_0422_m_000003_0:,f7558028,Diagnostics report from <*>,['attempt_1701457076904_0422_m_000003_0:']
280,2023-12-02,09:38:50,061,INFO,[AsyncDispatcher event handler] org.apache.hadoop.mapreduce.v2.app.job.impl.TaskAttemptImpl,attempt_1701457076904_0422_m_000003_0 TaskAttempt Transitioned from SUCCESS_FINISHING_CONTAINER to SUCCEEDED,590bd861,attempt_<*>_<*>_m_<*>_<*> TaskAttempt Transitioned from <*> to <*>,"['1701457076904_0422', '000003_0', 'SUCCESS_FINISHING_CONTAINER', 'SUCCEEDED']"
281,2023-12-02,09:38:50,060,INFO,[RMCommunicator Allocator] org.apache.hadoop.mapreduce.v2.app.rm.RMContainerAllocator,Got allocated containers 3,0f71bb1f,Got allocated containers <*>,['3']
282,2023-12-02,09:38:50,061,INFO,[RMCommunicator Allocator] org.apache.hadoop.mapreduce.v2.app.rm.RMContainerAllocator,Assigned to reduce,ff65c706,Assigned to reduce,[]
283,2023-12-02,09:38:50,062,INFO,[ContainerLauncher #1] org.apache.hadoop.mapreduce.v2.app.launcher.ContainerLauncherImpl,Processing the event EventType: CONTAINER_COMPLETED for container container_1701457076904_0422_01_000008 taskAttempt attempt_1701457076904_0422_m_000005_0,36fc78d1,Processing the event EventType: <*> for container container_<*>_<*>_<*>_<*> taskAttempt <*>,"['CONTAINER_COMPLETED', '1701457076904', '0422_01_000008', 'attempt_1701457076904_0422_m_000005_0']"
284,2023-12-02,09:38:50,062,INFO,[RMCommunicator Allocator] org.apache.hadoop.mapreduce.v2.app.rm.RMContainerAllocator,Assigned container container_1701457076904_0422_01_000010 to attempt_1701457076904_0422_r_000000_0,99dd87cd,Assigned container container_<*>_<*>_<*>_<*> to <*>,"['1701457076904', '0422_01_000010', 'attempt_1701457076904_0422_r_000000_0']"
285,2023-12-02,09:38:50,062,INFO,[ContainerLauncher #2] org.apache.hadoop.mapreduce.v2.app.launcher.ContainerLauncherImpl,Processing the event EventType: CONTAINER_COMPLETED for container container_1701457076904_0422_01_000005 taskAttempt attempt_1701457076904_0422_m_000003_0,36fc78d1,Processing the event EventType: <*> for container container_<*>_<*>_<*>_<*> taskAttempt <*>,"['CONTAINER_COMPLETED', '1701457076904', '0422_01_000005', 'attempt_1701457076904_0422_m_000003_0']"
286,2023-12-02,09:38:50,063,INFO,[ContainerLauncher #9] org.apache.hadoop.mapreduce.v2.app.launcher.ContainerLauncherImpl,Processing the event EventType: CONTAINER_COMPLETED for container container_1701457076904_0422_01_000007 taskAttempt attempt_1701457076904_0422_m_000004_0,36fc78d1,Processing the event EventType: <*> for container container_<*>_<*>_<*>_<*> taskAttempt <*>,"['CONTAINER_COMPLETED', '1701457076904', '0422_01_000007', 'attempt_1701457076904_0422_m_000004_0']"
287,2023-12-02,09:38:50,063,INFO,[RMCommunicator Allocator] org.apache.hadoop.mapreduce.v2.app.rm.RMContainerAllocator,Assigned container container_1701457076904_0422_01_000011 to attempt_1701457076904_0422_m_000006_0,99dd87cd,Assigned container container_<*>_<*>_<*>_<*> to <*>,"['1701457076904', '0422_01_000011', 'attempt_1701457076904_0422_m_000006_0']"
288,2023-12-02,09:38:50,063,INFO,[RMCommunicator Allocator] org.apache.hadoop.mapreduce.v2.app.rm.RMContainerAllocator,Assigned container container_1701457076904_0422_01_000009 to attempt_1701457076904_0422_m_000007_0,99dd87cd,Assigned container container_<*>_<*>_<*>_<*> to <*>,"['1701457076904', '0422_01_000009', 'attempt_1701457076904_0422_m_000007_0']"
289,2023-12-02,09:38:50,063,INFO,[RMCommunicator Allocator] org.apache.hadoop.mapreduce.v2.app.rm.RMContainerAllocator,"Recalculating schedule, headroom=<memory:7168, vCores:20>",e856e146,"Recalculating schedule, headroom=<memory:<*>, vCores:<*>>","['7168', '20>']"
290,2023-12-02,09:38:50,064,INFO,[RMCommunicator Allocator] org.apache.hadoop.mapreduce.v2.app.rm.RMContainerAllocator,"completedMapPercent 0.6 totalResourceLimit:<memory:22528, vCores:23> finalMapResourceLimit:<memory:11264, vCores:12> finalReduceResourceLimit:<memory:11264, vCores:11> netScheduledMapResource:<memory:20480, vCores:4> netScheduledReduceResource:<memory:5120, vCores:1>",1885a18a,"completedMapPercent <*>.<*> totalResourceLimit:<memory:<*>, vCores:<*>> finalMapResourceLimit:<memory:<*>, vCores:<*>> finalReduceResourceLimit:<memory:<*>, vCores:<*>> netScheduledMapResource:<memory:<*>, vCores:<*>> netScheduledReduceResource:<memory:<*>, vCores:<*>>","['0.6', '22528', '23>', '11264', '12>', '11264', '11>', '20480', '4>', '5120', '1>']"
291,2023-12-02,09:38:50,064,INFO,[RMCommunicator Allocator] org.apache.hadoop.mapreduce.v2.app.rm.RMContainerAllocator,Ramping up 1,abfa93dd,Ramping up <*>,['1']
292,2023-12-02,09:38:50,064,INFO,[RMCommunicator Allocator] org.apache.hadoop.mapreduce.v2.app.rm.RMContainerAllocator,After Scheduling: PendingReds:3 ScheduledMaps:2 ScheduledReds:1 AssignedMaps:2 AssignedReds:1 CompletedMaps:6 CompletedReds:0 ContAlloc:9 ContRel:0 HostLocal:8 RackLocal:0,b1bdc9c9,After Scheduling: PendingReds:<*> ScheduledMaps:<*> ScheduledReds:<*> AssignedMaps:<*> AssignedReds:<*> CompletedMaps:<*> CompletedReds:<*> ContAlloc:<*> ContRel:<*> HostLocal:<*> RackLocal:<*>,"['3', '2', '1', '2', '1', '6', '0', '9', '0', '8', '0']"
293,2023-12-02,09:38:50,073,INFO,[AsyncDispatcher event handler] org.apache.hadoop.mapreduce.v2.app.job.impl.TaskAttemptImpl,attempt_1701457076904_0422_r_000000_0 TaskAttempt Transitioned from UNASSIGNED to ASSIGNED,500abf63,attempt_<*>_<*>_r_<*>_<*> TaskAttempt Transitioned from <*> to <*>,"['1701457076904_0422', '000000_0', 'UNASSIGNED', 'ASSIGNED']"
294,2023-12-02,09:38:50,075,INFO,[AsyncDispatcher event handler] org.apache.hadoop.mapreduce.v2.app.job.impl.TaskAttemptImpl,attempt_1701457076904_0422_m_000006_0 TaskAttempt Transitioned from UNASSIGNED to ASSIGNED,590bd861,attempt_<*>_<*>_m_<*>_<*> TaskAttempt Transitioned from <*> to <*>,"['1701457076904_0422', '000006_0', 'UNASSIGNED', 'ASSIGNED']"
295,2023-12-02,09:38:50,077,INFO,[AsyncDispatcher event handler] org.apache.hadoop.mapreduce.v2.app.job.impl.TaskAttemptImpl,attempt_1701457076904_0422_m_000007_0 TaskAttempt Transitioned from UNASSIGNED to ASSIGNED,590bd861,attempt_<*>_<*>_m_<*>_<*> TaskAttempt Transitioned from <*> to <*>,"['1701457076904_0422', '000007_0', 'UNASSIGNED', 'ASSIGNED']"
296,2023-12-02,09:38:50,077,INFO,[ContainerLauncher #0] org.apache.hadoop.mapreduce.v2.app.launcher.ContainerLauncherImpl,Processing the event EventType: CONTAINER_REMOTE_LAUNCH for container container_1701457076904_0422_01_000010 taskAttempt attempt_1701457076904_0422_r_000000_0,36fc78d1,Processing the event EventType: <*> for container container_<*>_<*>_<*>_<*> taskAttempt <*>,"['CONTAINER_REMOTE_LAUNCH', '1701457076904', '0422_01_000010', 'attempt_1701457076904_0422_r_000000_0']"
297,2023-12-02,09:38:50,077,INFO,[ContainerLauncher #4] org.apache.hadoop.mapreduce.v2.app.launcher.ContainerLauncherImpl,Processing the event EventType: CONTAINER_REMOTE_LAUNCH for container container_1701457076904_0422_01_000009 taskAttempt attempt_1701457076904_0422_m_000007_0,36fc78d1,Processing the event EventType: <*> for container container_<*>_<*>_<*>_<*> taskAttempt <*>,"['CONTAINER_REMOTE_LAUNCH', '1701457076904', '0422_01_000009', 'attempt_1701457076904_0422_m_000007_0']"
298,2023-12-02,09:38:50,077,INFO,[ContainerLauncher #3] org.apache.hadoop.mapreduce.v2.app.launcher.ContainerLauncherImpl,Processing the event EventType: CONTAINER_REMOTE_LAUNCH for container container_1701457076904_0422_01_000011 taskAttempt attempt_1701457076904_0422_m_000006_0,36fc78d1,Processing the event EventType: <*> for container container_<*>_<*>_<*>_<*> taskAttempt <*>,"['CONTAINER_REMOTE_LAUNCH', '1701457076904', '0422_01_000011', 'attempt_1701457076904_0422_m_000006_0']"
299,2023-12-02,09:38:50,077,INFO,[ContainerLauncher #4] org.apache.hadoop.mapreduce.v2.app.launcher.ContainerLauncherImpl,Launching attempt_1701457076904_0422_m_000007_0,df347da1,Launching <*>,['attempt_1701457076904_0422_m_000007_0']
300,2023-12-02,09:38:50,077,INFO,[ContainerLauncher #3] org.apache.hadoop.mapreduce.v2.app.launcher.ContainerLauncherImpl,Launching attempt_1701457076904_0422_m_000006_0,df347da1,Launching <*>,['attempt_1701457076904_0422_m_000006_0']
301,2023-12-02,09:38:50,077,INFO,[ContainerLauncher #0] org.apache.hadoop.mapreduce.v2.app.launcher.ContainerLauncherImpl,Launching attempt_1701457076904_0422_r_000000_0,df347da1,Launching <*>,['attempt_1701457076904_0422_r_000000_0']
302,2023-12-02,09:38:50,087,INFO,[ContainerLauncher #4] org.apache.hadoop.mapreduce.v2.app.launcher.ContainerLauncherImpl,Shuffle port returned by ContainerManager for attempt_1701457076904_0422_m_000007_0 : 13562,f4ac93f2,Shuffle port returned by ContainerManager for <*> : <*>,"['attempt_1701457076904_0422_m_000007_0', '13562']"
303,2023-12-02,09:38:50,087,INFO,[AsyncDispatcher event handler] org.apache.hadoop.mapreduce.v2.app.job.impl.TaskAttemptImpl,TaskAttempt: [attempt_1701457076904_0422_m_000007_0] using containerId: [container_1701457076904_0422_01_000009 on NM: [2f08f873c798:42181],97232dd5,TaskAttempt: <*> using containerId: [container_<*>_<*>_<*>_<*> on NM: <*>,"['[attempt_1701457076904_0422_m_000007_0]', '1701457076904', '0422_01_000009', '[2f08f873c798:42181]']"
304,2023-12-02,09:38:50,088,INFO,[AsyncDispatcher event handler] org.apache.hadoop.mapreduce.v2.app.job.impl.TaskAttemptImpl,attempt_1701457076904_0422_m_000007_0 TaskAttempt Transitioned from ASSIGNED to RUNNING,590bd861,attempt_<*>_<*>_m_<*>_<*> TaskAttempt Transitioned from <*> to <*>,"['1701457076904_0422', '000007_0', 'ASSIGNED', 'RUNNING']"
305,2023-12-02,09:38:50,088,INFO,[AsyncDispatcher event handler] org.apache.hadoop.mapreduce.v2.app.speculate.DefaultSpeculator,ATTEMPT_START task_1701457076904_0422_m_000007,e215e532,ATTEMPT_START <*>,['task_1701457076904_0422_m_000007']
306,2023-12-02,09:38:50,088,INFO,[AsyncDispatcher event handler] org.apache.hadoop.mapreduce.v2.app.job.impl.TaskImpl,task_1701457076904_0422_m_000007 Task Transitioned from SCHEDULED to RUNNING,d231a1af,task_<*>_<*>_m_<*> Task Transitioned from <*> to <*>,"['1701457076904_0422', '000007', 'SCHEDULED', 'RUNNING']"
307,2023-12-02,09:38:50,088,INFO,[ContainerLauncher #0] org.apache.hadoop.mapreduce.v2.app.launcher.ContainerLauncherImpl,Shuffle port returned by ContainerManager for attempt_1701457076904_0422_r_000000_0 : 13562,f4ac93f2,Shuffle port returned by ContainerManager for <*> : <*>,"['attempt_1701457076904_0422_r_000000_0', '13562']"
308,2023-12-02,09:38:50,089,INFO,[AsyncDispatcher event handler] org.apache.hadoop.mapreduce.v2.app.job.impl.TaskAttemptImpl,TaskAttempt: [attempt_1701457076904_0422_r_000000_0] using containerId: [container_1701457076904_0422_01_000010 on NM: [cf6e5ca2712c:42253],97232dd5,TaskAttempt: <*> using containerId: [container_<*>_<*>_<*>_<*> on NM: <*>,"['[attempt_1701457076904_0422_r_000000_0]', '1701457076904', '0422_01_000010', '[cf6e5ca2712c:42253]']"
309,2023-12-02,09:38:50,089,INFO,[AsyncDispatcher event handler] org.apache.hadoop.mapreduce.v2.app.job.impl.TaskAttemptImpl,attempt_1701457076904_0422_r_000000_0 TaskAttempt Transitioned from ASSIGNED to RUNNING,500abf63,attempt_<*>_<*>_r_<*>_<*> TaskAttempt Transitioned from <*> to <*>,"['1701457076904_0422', '000000_0', 'ASSIGNED', 'RUNNING']"
310,2023-12-02,09:38:50,089,INFO,[AsyncDispatcher event handler] org.apache.hadoop.mapreduce.v2.app.speculate.DefaultSpeculator,ATTEMPT_START task_1701457076904_0422_r_000000,e215e532,ATTEMPT_START <*>,['task_1701457076904_0422_r_000000']
311,2023-12-02,09:38:50,089,INFO,[AsyncDispatcher event handler] org.apache.hadoop.mapreduce.v2.app.job.impl.TaskImpl,task_1701457076904_0422_r_000000 Task Transitioned from SCHEDULED to RUNNING,a55d23fc,task_<*>_<*>_r_<*> Task Transitioned from <*> to <*>,"['1701457076904_0422', '000000', 'SCHEDULED', 'RUNNING']"
312,2023-12-02,09:38:50,097,INFO,[ContainerLauncher #3] org.apache.hadoop.mapreduce.v2.app.launcher.ContainerLauncherImpl,Shuffle port returned by ContainerManager for attempt_1701457076904_0422_m_000006_0 : 13562,f4ac93f2,Shuffle port returned by ContainerManager for <*> : <*>,"['attempt_1701457076904_0422_m_000006_0', '13562']"
313,2023-12-02,09:38:50,098,INFO,[AsyncDispatcher event handler] org.apache.hadoop.mapreduce.v2.app.job.impl.TaskAttemptImpl,TaskAttempt: [attempt_1701457076904_0422_m_000006_0] using containerId: [container_1701457076904_0422_01_000011 on NM: [ed761ad59d44:41819],97232dd5,TaskAttempt: <*> using containerId: [container_<*>_<*>_<*>_<*> on NM: <*>,"['[attempt_1701457076904_0422_m_000006_0]', '1701457076904', '0422_01_000011', '[ed761ad59d44:41819]']"
314,2023-12-02,09:38:50,098,INFO,[AsyncDispatcher event handler] org.apache.hadoop.mapreduce.v2.app.job.impl.TaskAttemptImpl,attempt_1701457076904_0422_m_000006_0 TaskAttempt Transitioned from ASSIGNED to RUNNING,590bd861,attempt_<*>_<*>_m_<*>_<*> TaskAttempt Transitioned from <*> to <*>,"['1701457076904_0422', '000006_0', 'ASSIGNED', 'RUNNING']"
315,2023-12-02,09:38:50,098,INFO,[AsyncDispatcher event handler] org.apache.hadoop.mapreduce.v2.app.speculate.DefaultSpeculator,ATTEMPT_START task_1701457076904_0422_m_000006,e215e532,ATTEMPT_START <*>,['task_1701457076904_0422_m_000006']
316,2023-12-02,09:38:50,098,INFO,[AsyncDispatcher event handler] org.apache.hadoop.mapreduce.v2.app.job.impl.TaskImpl,task_1701457076904_0422_m_000006 Task Transitioned from SCHEDULED to RUNNING,d231a1af,task_<*>_<*>_m_<*> Task Transitioned from <*> to <*>,"['1701457076904_0422', '000006', 'SCHEDULED', 'RUNNING']"
317,2023-12-02,09:38:51,066,INFO,[RMCommunicator Allocator] org.apache.hadoop.mapreduce.v2.app.rm.RMContainerRequestor,"getResources() for application_1701457076904_0422: ask=6 release= 0 newContainers=0 finishedContainers=0 resourcelimit=<memory:2048, vCores:19> knownNMs=3",6d3d97fc,"getResources() for application_<*>_<*>: ask=<*> release= <*> newContainers=<*> finishedContainers=<*> resourcelimit=<memory:<*>, vCores:<*>> knownNMs=<*>","['1701457076904_0422', '6', '0', '0', '0', '2048', '19>', '3']"
318,2023-12-02,09:38:51,066,INFO,[RMCommunicator Allocator] org.apache.hadoop.mapreduce.v2.app.rm.RMContainerAllocator,"Recalculating schedule, headroom=<memory:2048, vCores:19>",e856e146,"Recalculating schedule, headroom=<memory:<*>, vCores:<*>>","['2048', '19>']"
319,2023-12-02,09:38:51,066,INFO,[RMCommunicator Allocator] org.apache.hadoop.mapreduce.v2.app.rm.RMContainerAllocator,"completedMapPercent 0.6 totalResourceLimit:<memory:17408, vCores:22> finalMapResourceLimit:<memory:8704, vCores:11> finalReduceResourceLimit:<memory:8704, vCores:11> netScheduledMapResource:<memory:20480, vCores:4> netScheduledReduceResource:<memory:10240, vCores:2>",1885a18a,"completedMapPercent <*>.<*> totalResourceLimit:<memory:<*>, vCores:<*>> finalMapResourceLimit:<memory:<*>, vCores:<*>> finalReduceResourceLimit:<memory:<*>, vCores:<*>> netScheduledMapResource:<memory:<*>, vCores:<*>> netScheduledReduceResource:<memory:<*>, vCores:<*>>","['0.6', '17408', '22>', '8704', '11>', '8704', '11>', '20480', '4>', '10240', '2>']"
320,2023-12-02,09:38:51,505,INFO,[Socket Reader #1 for port 0] SecurityLogger.org.apache.hadoop.ipc.Server,Auth successful for job_1701457076904_0422 (auth:SIMPLE) from ed761ad59d44:45774 / 192.161.20.23:45774,d8c9fc3d,Auth successful for job_<*>_<*> (auth:SIMPLE) from <*> / <*>,"['1701457076904_0422', 'ed761ad59d44:45774', '192.161.20.23:45774']"
321,2023-12-02,09:38:51,517,INFO,[IPC Server handler 11 on default port 39079] org.apache.hadoop.mapred.TaskAttemptListenerImpl,JVM with ID : jvm_1701457076904_0422_m_000011 asked for a task,60675cee,JVM with ID : <*> asked for a task,['jvm_1701457076904_0422_m_000011']
322,2023-12-02,09:38:51,517,INFO,[IPC Server handler 11 on default port 39079] org.apache.hadoop.mapred.TaskAttemptListenerImpl,JVM with ID: jvm_1701457076904_0422_m_000011 given task: attempt_1701457076904_0422_m_000006_0,2a1c144a,JVM with ID: <*> given task: <*>,"['jvm_1701457076904_0422_m_000011', 'attempt_1701457076904_0422_m_000006_0']"
323,2023-12-02,09:38:51,601,INFO,[Socket Reader #1 for port 0] SecurityLogger.org.apache.hadoop.ipc.Server,Auth successful for job_1701457076904_0422 (auth:SIMPLE) from cf6e5ca2712c:60230 / 192.161.20.5:60230,d8c9fc3d,Auth successful for job_<*>_<*> (auth:SIMPLE) from <*> / <*>,"['1701457076904_0422', 'cf6e5ca2712c:60230', '192.161.20.5:60230']"
324,2023-12-02,09:38:51,609,INFO,[Socket Reader #1 for port 0] SecurityLogger.org.apache.hadoop.ipc.Server,Auth successful for job_1701457076904_0422 (auth:SIMPLE) from 2f08f873c798:46864 / 192.161.20.17:46864,d8c9fc3d,Auth successful for job_<*>_<*> (auth:SIMPLE) from <*> / <*>,"['1701457076904_0422', '2f08f873c798:46864', '192.161.20.17:46864']"
325,2023-12-02,09:38:51,619,INFO,[IPC Server handler 12 on default port 39079] org.apache.hadoop.mapred.TaskAttemptListenerImpl,JVM with ID : jvm_1701457076904_0422_r_000010 asked for a task,60675cee,JVM with ID : <*> asked for a task,['jvm_1701457076904_0422_r_000010']
326,2023-12-02,09:38:51,619,INFO,[IPC Server handler 12 on default port 39079] org.apache.hadoop.mapred.TaskAttemptListenerImpl,JVM with ID: jvm_1701457076904_0422_r_000010 given task: attempt_1701457076904_0422_r_000000_0,2a1c144a,JVM with ID: <*> given task: <*>,"['jvm_1701457076904_0422_r_000010', 'attempt_1701457076904_0422_r_000000_0']"
327,2023-12-02,09:38:51,624,INFO,[IPC Server handler 13 on default port 39079] org.apache.hadoop.mapred.TaskAttemptListenerImpl,JVM with ID : jvm_1701457076904_0422_m_000009 asked for a task,60675cee,JVM with ID : <*> asked for a task,['jvm_1701457076904_0422_m_000009']
328,2023-12-02,09:38:51,624,INFO,[IPC Server handler 13 on default port 39079] org.apache.hadoop.mapred.TaskAttemptListenerImpl,JVM with ID: jvm_1701457076904_0422_m_000009 given task: attempt_1701457076904_0422_m_000007_0,2a1c144a,JVM with ID: <*> given task: <*>,"['jvm_1701457076904_0422_m_000009', 'attempt_1701457076904_0422_m_000007_0']"
329,2023-12-02,09:38:52,068,INFO,[RMCommunicator Allocator] org.apache.hadoop.mapreduce.v2.app.rm.RMContainerAllocator,"Recalculating schedule, headroom=<memory:2048, vCores:19>",e856e146,"Recalculating schedule, headroom=<memory:<*>, vCores:<*>>","['2048', '19>']"
330,2023-12-02,09:38:52,068,INFO,[RMCommunicator Allocator] org.apache.hadoop.mapreduce.v2.app.rm.RMContainerAllocator,"completedMapPercent 0.6 totalResourceLimit:<memory:17408, vCores:22> finalMapResourceLimit:<memory:8704, vCores:11> finalReduceResourceLimit:<memory:8704, vCores:11> netScheduledMapResource:<memory:20480, vCores:4> netScheduledReduceResource:<memory:10240, vCores:2>",1885a18a,"completedMapPercent <*>.<*> totalResourceLimit:<memory:<*>, vCores:<*>> finalMapResourceLimit:<memory:<*>, vCores:<*>> finalReduceResourceLimit:<memory:<*>, vCores:<*>> netScheduledMapResource:<memory:<*>, vCores:<*>> netScheduledReduceResource:<memory:<*>, vCores:<*>>","['0.6', '17408', '22>', '8704', '11>', '8704', '11>', '20480', '4>', '10240', '2>']"
331,2023-12-02,09:38:52,672,INFO,[IPC Server handler 14 on default port 39079] org.apache.hadoop.mapred.TaskAttemptListenerImpl,MapCompletionEvents request from attempt_1701457076904_0422_r_000000_0. startIndex 0 maxEvents 10000,f13d7a4d,MapCompletionEvents request from attempt_<*>_<*>_r_<*>_<*>. startIndex <*> maxEvents <*>,"['1701457076904_0422', '000000_0', '0', '10000']"
332,2023-12-02,09:38:52,886,INFO,[IPC Server handler 0 on default port 39079] org.apache.hadoop.mapred.TaskAttemptListenerImpl,Progress of TaskAttempt attempt_1701457076904_0422_m_000006_0 is : 0.0,b53b8ef4,Progress of TaskAttempt <*> is : <*>.<*>,"['attempt_1701457076904_0422_m_000006_0', '0.0']"
333,2023-12-02,09:38:52,933,INFO,[IPC Server handler 2 on default port 39079] org.apache.hadoop.mapred.TaskAttemptListenerImpl,Progress of TaskAttempt attempt_1701457076904_0422_m_000006_0 is : 1.0,b53b8ef4,Progress of TaskAttempt <*> is : <*>.<*>,"['attempt_1701457076904_0422_m_000006_0', '1.0']"
334,2023-12-02,09:38:52,936,INFO,[IPC Server handler 3 on default port 39079] org.apache.hadoop.mapred.TaskAttemptListenerImpl,Done acknowledgment from attempt_1701457076904_0422_m_000006_0,6995e31f,Done acknowledgment from <*>,['attempt_1701457076904_0422_m_000006_0']
335,2023-12-02,09:38:52,937,INFO,[AsyncDispatcher event handler] org.apache.hadoop.mapreduce.v2.app.job.impl.TaskAttemptImpl,attempt_1701457076904_0422_m_000006_0 TaskAttempt Transitioned from RUNNING to SUCCESS_FINISHING_CONTAINER,590bd861,attempt_<*>_<*>_m_<*>_<*> TaskAttempt Transitioned from <*> to <*>,"['1701457076904_0422', '000006_0', 'RUNNING', 'SUCCESS_FINISHING_CONTAINER']"
336,2023-12-02,09:38:52,937,INFO,[AsyncDispatcher event handler] org.apache.hadoop.mapreduce.v2.app.job.impl.TaskImpl,Task succeeded with attempt attempt_1701457076904_0422_m_000006_0,007ded00,Task succeeded with attempt <*>,['attempt_1701457076904_0422_m_000006_0']
337,2023-12-02,09:38:52,937,INFO,[AsyncDispatcher event handler] org.apache.hadoop.mapreduce.v2.app.job.impl.TaskImpl,task_1701457076904_0422_m_000006 Task Transitioned from RUNNING to SUCCEEDED,d231a1af,task_<*>_<*>_m_<*> Task Transitioned from <*> to <*>,"['1701457076904_0422', '000006', 'RUNNING', 'SUCCEEDED']"
338,2023-12-02,09:38:52,937,INFO,[AsyncDispatcher event handler] org.apache.hadoop.mapreduce.v2.app.job.impl.JobImpl,Num completed Tasks: 7,3a2741bf,Num completed Tasks: <*>,['7']
339,2023-12-02,09:38:53,068,INFO,[RMCommunicator Allocator] org.apache.hadoop.mapreduce.v2.app.rm.RMContainerAllocator,Before Scheduling: PendingReds:3 ScheduledMaps:2 ScheduledReds:1 AssignedMaps:2 AssignedReds:1 CompletedMaps:7 CompletedReds:0 ContAlloc:9 ContRel:0 HostLocal:8 RackLocal:0,f3cfcdcd,Before Scheduling: PendingReds:<*> ScheduledMaps:<*> ScheduledReds:<*> AssignedMaps:<*> AssignedReds:<*> CompletedMaps:<*> CompletedReds:<*> ContAlloc:<*> ContRel:<*> HostLocal:<*> RackLocal:<*>,"['3', '2', '1', '2', '1', '7', '0', '9', '0', '8', '0']"
340,2023-12-02,09:38:53,070,INFO,[RMCommunicator Allocator] org.apache.hadoop.mapreduce.v2.app.rm.RMContainerAllocator,"Recalculating schedule, headroom=<memory:2048, vCores:19>",e856e146,"Recalculating schedule, headroom=<memory:<*>, vCores:<*>>","['2048', '19>']"
341,2023-12-02,09:38:53,070,INFO,[RMCommunicator Allocator] org.apache.hadoop.mapreduce.v2.app.rm.RMContainerAllocator,"completedMapPercent 0.7 totalResourceLimit:<memory:17408, vCores:22> finalMapResourceLimit:<memory:8704, vCores:11> finalReduceResourceLimit:<memory:8704, vCores:11> netScheduledMapResource:<memory:20480, vCores:4> netScheduledReduceResource:<memory:10240, vCores:2>",1885a18a,"completedMapPercent <*>.<*> totalResourceLimit:<memory:<*>, vCores:<*>> finalMapResourceLimit:<memory:<*>, vCores:<*>> finalReduceResourceLimit:<memory:<*>, vCores:<*>> netScheduledMapResource:<memory:<*>, vCores:<*>> netScheduledReduceResource:<memory:<*>, vCores:<*>>","['0.7', '17408', '22>', '8704', '11>', '8704', '11>', '20480', '4>', '10240', '2>']"
342,2023-12-02,09:38:53,078,INFO,[IPC Server handler 7 on default port 39079] org.apache.hadoop.mapred.TaskAttemptListenerImpl,Progress of TaskAttempt attempt_1701457076904_0422_m_000007_0 is : 0.0,b53b8ef4,Progress of TaskAttempt <*> is : <*>.<*>,"['attempt_1701457076904_0422_m_000007_0', '0.0']"
343,2023-12-02,09:38:53,376,INFO,[IPC Server handler 8 on default port 39079] org.apache.hadoop.mapred.TaskAttemptListenerImpl,Progress of TaskAttempt attempt_1701457076904_0422_m_000007_0 is : 1.0,b53b8ef4,Progress of TaskAttempt <*> is : <*>.<*>,"['attempt_1701457076904_0422_m_000007_0', '1.0']"
344,2023-12-02,09:38:53,380,INFO,[IPC Server handler 9 on default port 39079] org.apache.hadoop.mapred.TaskAttemptListenerImpl,Done acknowledgment from attempt_1701457076904_0422_m_000007_0,6995e31f,Done acknowledgment from <*>,['attempt_1701457076904_0422_m_000007_0']
345,2023-12-02,09:38:53,381,INFO,[AsyncDispatcher event handler] org.apache.hadoop.mapreduce.v2.app.job.impl.TaskAttemptImpl,attempt_1701457076904_0422_m_000007_0 TaskAttempt Transitioned from RUNNING to SUCCESS_FINISHING_CONTAINER,590bd861,attempt_<*>_<*>_m_<*>_<*> TaskAttempt Transitioned from <*> to <*>,"['1701457076904_0422', '000007_0', 'RUNNING', 'SUCCESS_FINISHING_CONTAINER']"
346,2023-12-02,09:38:53,381,INFO,[AsyncDispatcher event handler] org.apache.hadoop.mapreduce.v2.app.job.impl.TaskImpl,Task succeeded with attempt attempt_1701457076904_0422_m_000007_0,007ded00,Task succeeded with attempt <*>,['attempt_1701457076904_0422_m_000007_0']
347,2023-12-02,09:38:53,381,INFO,[AsyncDispatcher event handler] org.apache.hadoop.mapreduce.v2.app.job.impl.TaskImpl,task_1701457076904_0422_m_000007 Task Transitioned from RUNNING to SUCCEEDED,d231a1af,task_<*>_<*>_m_<*> Task Transitioned from <*> to <*>,"['1701457076904_0422', '000007', 'RUNNING', 'SUCCEEDED']"
348,2023-12-02,09:38:53,382,INFO,[AsyncDispatcher event handler] org.apache.hadoop.mapreduce.v2.app.job.impl.JobImpl,Num completed Tasks: 8,3a2741bf,Num completed Tasks: <*>,['8']
349,2023-12-02,09:38:53,681,INFO,[IPC Server handler 15 on default port 39079] org.apache.hadoop.mapred.TaskAttemptListenerImpl,MapCompletionEvents request from attempt_1701457076904_0422_r_000000_0. startIndex 6 maxEvents 10000,f13d7a4d,MapCompletionEvents request from attempt_<*>_<*>_r_<*>_<*>. startIndex <*> maxEvents <*>,"['1701457076904_0422', '000000_0', '6', '10000']"
350,2023-12-02,09:38:54,070,INFO,[RMCommunicator Allocator] org.apache.hadoop.mapreduce.v2.app.rm.RMContainerAllocator,Before Scheduling: PendingReds:3 ScheduledMaps:2 ScheduledReds:1 AssignedMaps:2 AssignedReds:1 CompletedMaps:8 CompletedReds:0 ContAlloc:9 ContRel:0 HostLocal:8 RackLocal:0,f3cfcdcd,Before Scheduling: PendingReds:<*> ScheduledMaps:<*> ScheduledReds:<*> AssignedMaps:<*> AssignedReds:<*> CompletedMaps:<*> CompletedReds:<*> ContAlloc:<*> ContRel:<*> HostLocal:<*> RackLocal:<*>,"['3', '2', '1', '2', '1', '8', '0', '9', '0', '8', '0']"
351,2023-12-02,09:38:54,073,INFO,[RMCommunicator Allocator] org.apache.hadoop.mapreduce.v2.app.rm.RMContainerAllocator,Received completed container container_1701457076904_0422_01_000011,279694a4,Received completed container container_<*>_<*>_<*>_<*>,"['1701457076904', '0422_01_000011']"
352,2023-12-02,09:38:54,073,INFO,[RMCommunicator Allocator] org.apache.hadoop.mapreduce.v2.app.rm.RMContainerAllocator,Received completed container container_1701457076904_0422_01_000009,279694a4,Received completed container container_<*>_<*>_<*>_<*>,"['1701457076904', '0422_01_000009']"
353,2023-12-02,09:38:54,073,INFO,[RMCommunicator Allocator] org.apache.hadoop.mapreduce.v2.app.rm.RMContainerAllocator,Got allocated containers 2,0f71bb1f,Got allocated containers <*>,['2']
354,2023-12-02,09:38:54,073,INFO,[AsyncDispatcher event handler] org.apache.hadoop.mapreduce.v2.app.job.impl.TaskAttemptImpl,Diagnostics report from attempt_1701457076904_0422_m_000006_0:,f7558028,Diagnostics report from <*>,['attempt_1701457076904_0422_m_000006_0:']
355,2023-12-02,09:38:54,073,INFO,[RMCommunicator Allocator] org.apache.hadoop.mapreduce.v2.app.rm.RMContainerAllocator,Assigned to reduce,ff65c706,Assigned to reduce,[]
356,2023-12-02,09:38:54,073,INFO,[AsyncDispatcher event handler] org.apache.hadoop.mapreduce.v2.app.job.impl.TaskAttemptImpl,attempt_1701457076904_0422_m_000006_0 TaskAttempt Transitioned from SUCCESS_FINISHING_CONTAINER to SUCCEEDED,590bd861,attempt_<*>_<*>_m_<*>_<*> TaskAttempt Transitioned from <*> to <*>,"['1701457076904_0422', '000006_0', 'SUCCESS_FINISHING_CONTAINER', 'SUCCEEDED']"
357,2023-12-02,09:38:54,073,INFO,[AsyncDispatcher event handler] org.apache.hadoop.mapreduce.v2.app.job.impl.TaskAttemptImpl,Diagnostics report from attempt_1701457076904_0422_m_000007_0:,f7558028,Diagnostics report from <*>,['attempt_1701457076904_0422_m_000007_0:']
358,2023-12-02,09:38:54,073,INFO,[RMCommunicator Allocator] org.apache.hadoop.mapreduce.v2.app.rm.RMContainerAllocator,Assigned container container_1701457076904_0422_01_000013 to attempt_1701457076904_0422_r_000001_0,99dd87cd,Assigned container container_<*>_<*>_<*>_<*> to <*>,"['1701457076904', '0422_01_000013', 'attempt_1701457076904_0422_r_000001_0']"
359,2023-12-02,09:38:54,073,INFO,[AsyncDispatcher event handler] org.apache.hadoop.mapreduce.v2.app.job.impl.TaskAttemptImpl,attempt_1701457076904_0422_m_000007_0 TaskAttempt Transitioned from SUCCESS_FINISHING_CONTAINER to SUCCEEDED,590bd861,attempt_<*>_<*>_m_<*>_<*> TaskAttempt Transitioned from <*> to <*>,"['1701457076904_0422', '000007_0', 'SUCCESS_FINISHING_CONTAINER', 'SUCCEEDED']"
360,2023-12-02,09:38:54,073,INFO,[RMCommunicator Allocator] org.apache.hadoop.mapreduce.v2.app.rm.RMContainerAllocator,Assigned container container_1701457076904_0422_01_000014 to attempt_1701457076904_0422_m_000008_0,99dd87cd,Assigned container container_<*>_<*>_<*>_<*> to <*>,"['1701457076904', '0422_01_000014', 'attempt_1701457076904_0422_m_000008_0']"
361,2023-12-02,09:38:54,073,INFO,[RMCommunicator Allocator] org.apache.hadoop.mapreduce.v2.app.rm.RMContainerAllocator,"Recalculating schedule, headroom=<memory:2048, vCores:19>",e856e146,"Recalculating schedule, headroom=<memory:<*>, vCores:<*>>","['2048', '19>']"
362,2023-12-02,09:38:54,073,INFO,[RMCommunicator Allocator] org.apache.hadoop.mapreduce.v2.app.rm.RMContainerAllocator,"completedMapPercent 0.8 totalResourceLimit:<memory:17408, vCores:22> finalMapResourceLimit:<memory:8704, vCores:11> finalReduceResourceLimit:<memory:8704, vCores:11> netScheduledMapResource:<memory:10240, vCores:2> netScheduledReduceResource:<memory:10240, vCores:2>",1885a18a,"completedMapPercent <*>.<*> totalResourceLimit:<memory:<*>, vCores:<*>> finalMapResourceLimit:<memory:<*>, vCores:<*>> finalReduceResourceLimit:<memory:<*>, vCores:<*>> netScheduledMapResource:<memory:<*>, vCores:<*>> netScheduledReduceResource:<memory:<*>, vCores:<*>>","['0.8', '17408', '22>', '8704', '11>', '8704', '11>', '10240', '2>', '10240', '2>']"
363,2023-12-02,09:38:54,073,INFO,[RMCommunicator Allocator] org.apache.hadoop.mapreduce.v2.app.rm.RMContainerAllocator,After Scheduling: PendingReds:3 ScheduledMaps:1 ScheduledReds:0 AssignedMaps:1 AssignedReds:2 CompletedMaps:8 CompletedReds:0 ContAlloc:11 ContRel:0 HostLocal:9 RackLocal:0,b1bdc9c9,After Scheduling: PendingReds:<*> ScheduledMaps:<*> ScheduledReds:<*> AssignedMaps:<*> AssignedReds:<*> CompletedMaps:<*> CompletedReds:<*> ContAlloc:<*> ContRel:<*> HostLocal:<*> RackLocal:<*>,"['3', '1', '0', '1', '2', '8', '0', '11', '0', '9', '0']"
364,2023-12-02,09:38:54,074,INFO,[ContainerLauncher #5] org.apache.hadoop.mapreduce.v2.app.launcher.ContainerLauncherImpl,Processing the event EventType: CONTAINER_COMPLETED for container container_1701457076904_0422_01_000011 taskAttempt attempt_1701457076904_0422_m_000006_0,36fc78d1,Processing the event EventType: <*> for container container_<*>_<*>_<*>_<*> taskAttempt <*>,"['CONTAINER_COMPLETED', '1701457076904', '0422_01_000011', 'attempt_1701457076904_0422_m_000006_0']"
365,2023-12-02,09:38:54,075,INFO,[AsyncDispatcher event handler] org.apache.hadoop.mapreduce.v2.app.job.impl.TaskAttemptImpl,attempt_1701457076904_0422_r_000001_0 TaskAttempt Transitioned from UNASSIGNED to ASSIGNED,500abf63,attempt_<*>_<*>_r_<*>_<*> TaskAttempt Transitioned from <*> to <*>,"['1701457076904_0422', '000001_0', 'UNASSIGNED', 'ASSIGNED']"
366,2023-12-02,09:38:54,075,INFO,[ContainerLauncher #8] org.apache.hadoop.mapreduce.v2.app.launcher.ContainerLauncherImpl,Processing the event EventType: CONTAINER_COMPLETED for container container_1701457076904_0422_01_000009 taskAttempt attempt_1701457076904_0422_m_000007_0,36fc78d1,Processing the event EventType: <*> for container container_<*>_<*>_<*>_<*> taskAttempt <*>,"['CONTAINER_COMPLETED', '1701457076904', '0422_01_000009', 'attempt_1701457076904_0422_m_000007_0']"
367,2023-12-02,09:38:54,077,INFO,[AsyncDispatcher event handler] org.apache.hadoop.mapreduce.v2.app.job.impl.TaskAttemptImpl,attempt_1701457076904_0422_m_000008_0 TaskAttempt Transitioned from UNASSIGNED to ASSIGNED,590bd861,attempt_<*>_<*>_m_<*>_<*> TaskAttempt Transitioned from <*> to <*>,"['1701457076904_0422', '000008_0', 'UNASSIGNED', 'ASSIGNED']"
368,2023-12-02,09:38:54,077,INFO,[ContainerLauncher #6] org.apache.hadoop.mapreduce.v2.app.launcher.ContainerLauncherImpl,Processing the event EventType: CONTAINER_REMOTE_LAUNCH for container container_1701457076904_0422_01_000013 taskAttempt attempt_1701457076904_0422_r_000001_0,36fc78d1,Processing the event EventType: <*> for container container_<*>_<*>_<*>_<*> taskAttempt <*>,"['CONTAINER_REMOTE_LAUNCH', '1701457076904', '0422_01_000013', 'attempt_1701457076904_0422_r_000001_0']"
369,2023-12-02,09:38:54,077,INFO,[ContainerLauncher #7] org.apache.hadoop.mapreduce.v2.app.launcher.ContainerLauncherImpl,Processing the event EventType: CONTAINER_REMOTE_LAUNCH for container container_1701457076904_0422_01_000014 taskAttempt attempt_1701457076904_0422_m_000008_0,36fc78d1,Processing the event EventType: <*> for container container_<*>_<*>_<*>_<*> taskAttempt <*>,"['CONTAINER_REMOTE_LAUNCH', '1701457076904', '0422_01_000014', 'attempt_1701457076904_0422_m_000008_0']"
370,2023-12-02,09:38:54,077,INFO,[ContainerLauncher #6] org.apache.hadoop.mapreduce.v2.app.launcher.ContainerLauncherImpl,Launching attempt_1701457076904_0422_r_000001_0,df347da1,Launching <*>,['attempt_1701457076904_0422_r_000001_0']
371,2023-12-02,09:38:54,077,INFO,[ContainerLauncher #7] org.apache.hadoop.mapreduce.v2.app.launcher.ContainerLauncherImpl,Launching attempt_1701457076904_0422_m_000008_0,df347da1,Launching <*>,['attempt_1701457076904_0422_m_000008_0']
372,2023-12-02,09:38:54,086,INFO,[ContainerLauncher #7] org.apache.hadoop.mapreduce.v2.app.launcher.ContainerLauncherImpl,Shuffle port returned by ContainerManager for attempt_1701457076904_0422_m_000008_0 : 13562,f4ac93f2,Shuffle port returned by ContainerManager for <*> : <*>,"['attempt_1701457076904_0422_m_000008_0', '13562']"
373,2023-12-02,09:38:54,086,INFO,[AsyncDispatcher event handler] org.apache.hadoop.mapreduce.v2.app.job.impl.TaskAttemptImpl,TaskAttempt: [attempt_1701457076904_0422_m_000008_0] using containerId: [container_1701457076904_0422_01_000014 on NM: [2f08f873c798:42181],97232dd5,TaskAttempt: <*> using containerId: [container_<*>_<*>_<*>_<*> on NM: <*>,"['[attempt_1701457076904_0422_m_000008_0]', '1701457076904', '0422_01_000014', '[2f08f873c798:42181]']"
374,2023-12-02,09:38:54,086,INFO,[AsyncDispatcher event handler] org.apache.hadoop.mapreduce.v2.app.job.impl.TaskAttemptImpl,attempt_1701457076904_0422_m_000008_0 TaskAttempt Transitioned from ASSIGNED to RUNNING,590bd861,attempt_<*>_<*>_m_<*>_<*> TaskAttempt Transitioned from <*> to <*>,"['1701457076904_0422', '000008_0', 'ASSIGNED', 'RUNNING']"
375,2023-12-02,09:38:54,086,INFO,[AsyncDispatcher event handler] org.apache.hadoop.mapreduce.v2.app.speculate.DefaultSpeculator,ATTEMPT_START task_1701457076904_0422_m_000008,e215e532,ATTEMPT_START <*>,['task_1701457076904_0422_m_000008']
376,2023-12-02,09:38:54,086,INFO,[AsyncDispatcher event handler] org.apache.hadoop.mapreduce.v2.app.job.impl.TaskImpl,task_1701457076904_0422_m_000008 Task Transitioned from SCHEDULED to RUNNING,d231a1af,task_<*>_<*>_m_<*> Task Transitioned from <*> to <*>,"['1701457076904_0422', '000008', 'SCHEDULED', 'RUNNING']"
377,2023-12-02,09:38:54,088,INFO,[ContainerLauncher #6] org.apache.hadoop.mapreduce.v2.app.launcher.ContainerLauncherImpl,Shuffle port returned by ContainerManager for attempt_1701457076904_0422_r_000001_0 : 13562,f4ac93f2,Shuffle port returned by ContainerManager for <*> : <*>,"['attempt_1701457076904_0422_r_000001_0', '13562']"
378,2023-12-02,09:38:54,088,INFO,[AsyncDispatcher event handler] org.apache.hadoop.mapreduce.v2.app.job.impl.TaskAttemptImpl,TaskAttempt: [attempt_1701457076904_0422_r_000001_0] using containerId: [container_1701457076904_0422_01_000013 on NM: [ed761ad59d44:41819],97232dd5,TaskAttempt: <*> using containerId: [container_<*>_<*>_<*>_<*> on NM: <*>,"['[attempt_1701457076904_0422_r_000001_0]', '1701457076904', '0422_01_000013', '[ed761ad59d44:41819]']"
379,2023-12-02,09:38:54,088,INFO,[AsyncDispatcher event handler] org.apache.hadoop.mapreduce.v2.app.job.impl.TaskAttemptImpl,attempt_1701457076904_0422_r_000001_0 TaskAttempt Transitioned from ASSIGNED to RUNNING,500abf63,attempt_<*>_<*>_r_<*>_<*> TaskAttempt Transitioned from <*> to <*>,"['1701457076904_0422', '000001_0', 'ASSIGNED', 'RUNNING']"
380,2023-12-02,09:38:54,088,INFO,[AsyncDispatcher event handler] org.apache.hadoop.mapreduce.v2.app.speculate.DefaultSpeculator,ATTEMPT_START task_1701457076904_0422_r_000001,e215e532,ATTEMPT_START <*>,['task_1701457076904_0422_r_000001']
381,2023-12-02,09:38:54,088,INFO,[AsyncDispatcher event handler] org.apache.hadoop.mapreduce.v2.app.job.impl.TaskImpl,task_1701457076904_0422_r_000001 Task Transitioned from SCHEDULED to RUNNING,a55d23fc,task_<*>_<*>_r_<*> Task Transitioned from <*> to <*>,"['1701457076904_0422', '000001', 'SCHEDULED', 'RUNNING']"
382,2023-12-02,09:38:54,684,INFO,[IPC Server handler 10 on default port 39079] org.apache.hadoop.mapred.TaskAttemptListenerImpl,MapCompletionEvents request from attempt_1701457076904_0422_r_000000_0. startIndex 8 maxEvents 10000,f13d7a4d,MapCompletionEvents request from attempt_<*>_<*>_r_<*>_<*>. startIndex <*> maxEvents <*>,"['1701457076904_0422', '000000_0', '8', '10000']"
383,2023-12-02,09:38:55,075,INFO,[RMCommunicator Allocator] org.apache.hadoop.mapreduce.v2.app.rm.RMContainerRequestor,"getResources() for application_1701457076904_0422: ask=6 release= 0 newContainers=0 finishedContainers=0 resourcelimit=<memory:2048, vCores:19> knownNMs=3",6d3d97fc,"getResources() for application_<*>_<*>: ask=<*> release= <*> newContainers=<*> finishedContainers=<*> resourcelimit=<memory:<*>, vCores:<*>> knownNMs=<*>","['1701457076904_0422', '6', '0', '0', '0', '2048', '19>', '3']"
384,2023-12-02,09:38:55,076,INFO,[RMCommunicator Allocator] org.apache.hadoop.mapreduce.v2.app.rm.RMContainerAllocator,"Recalculating schedule, headroom=<memory:2048, vCores:19>",e856e146,"Recalculating schedule, headroom=<memory:<*>, vCores:<*>>","['2048', '19>']"
385,2023-12-02,09:38:55,076,INFO,[RMCommunicator Allocator] org.apache.hadoop.mapreduce.v2.app.rm.RMContainerAllocator,"completedMapPercent 0.8 totalResourceLimit:<memory:17408, vCores:22> finalMapResourceLimit:<memory:8704, vCores:11> finalReduceResourceLimit:<memory:8704, vCores:11> netScheduledMapResource:<memory:10240, vCores:2> netScheduledReduceResource:<memory:10240, vCores:2>",1885a18a,"completedMapPercent <*>.<*> totalResourceLimit:<memory:<*>, vCores:<*>> finalMapResourceLimit:<memory:<*>, vCores:<*>> finalReduceResourceLimit:<memory:<*>, vCores:<*>> netScheduledMapResource:<memory:<*>, vCores:<*>> netScheduledReduceResource:<memory:<*>, vCores:<*>>","['0.8', '17408', '22>', '8704', '11>', '8704', '11>', '10240', '2>', '10240', '2>']"
386,2023-12-02,09:38:55,587,INFO,[Socket Reader #1 for port 0] SecurityLogger.org.apache.hadoop.ipc.Server,Auth successful for job_1701457076904_0422 (auth:SIMPLE) from 2f08f873c798:46876 / 192.161.20.17:46876,d8c9fc3d,Auth successful for job_<*>_<*> (auth:SIMPLE) from <*> / <*>,"['1701457076904_0422', '2f08f873c798:46876', '192.161.20.17:46876']"
387,2023-12-02,09:38:55,597,INFO,[Socket Reader #1 for port 0] SecurityLogger.org.apache.hadoop.ipc.Server,Auth successful for job_1701457076904_0422 (auth:SIMPLE) from ed761ad59d44:45776 / 192.161.20.23:45776,d8c9fc3d,Auth successful for job_<*>_<*> (auth:SIMPLE) from <*> / <*>,"['1701457076904_0422', 'ed761ad59d44:45776', '192.161.20.23:45776']"
388,2023-12-02,09:38:55,601,INFO,[IPC Server handler 12 on default port 39079] org.apache.hadoop.mapred.TaskAttemptListenerImpl,JVM with ID : jvm_1701457076904_0422_m_000014 asked for a task,60675cee,JVM with ID : <*> asked for a task,['jvm_1701457076904_0422_m_000014']
389,2023-12-02,09:38:55,601,INFO,[IPC Server handler 12 on default port 39079] org.apache.hadoop.mapred.TaskAttemptListenerImpl,JVM with ID: jvm_1701457076904_0422_m_000014 given task: attempt_1701457076904_0422_m_000008_0,2a1c144a,JVM with ID: <*> given task: <*>,"['jvm_1701457076904_0422_m_000014', 'attempt_1701457076904_0422_m_000008_0']"
390,2023-12-02,09:38:55,610,INFO,[IPC Server handler 13 on default port 39079] org.apache.hadoop.mapred.TaskAttemptListenerImpl,JVM with ID : jvm_1701457076904_0422_r_000013 asked for a task,60675cee,JVM with ID : <*> asked for a task,['jvm_1701457076904_0422_r_000013']
391,2023-12-02,09:38:55,610,INFO,[IPC Server handler 13 on default port 39079] org.apache.hadoop.mapred.TaskAttemptListenerImpl,JVM with ID: jvm_1701457076904_0422_r_000013 given task: attempt_1701457076904_0422_r_000001_0,2a1c144a,JVM with ID: <*> given task: <*>,"['jvm_1701457076904_0422_r_000013', 'attempt_1701457076904_0422_r_000001_0']"
392,2023-12-02,09:38:55,687,INFO,[IPC Server handler 17 on default port 39079] org.apache.hadoop.mapred.TaskAttemptListenerImpl,MapCompletionEvents request from attempt_1701457076904_0422_r_000000_0. startIndex 8 maxEvents 10000,f13d7a4d,MapCompletionEvents request from attempt_<*>_<*>_r_<*>_<*>. startIndex <*> maxEvents <*>,"['1701457076904_0422', '000000_0', '8', '10000']"
393,2023-12-02,09:38:56,078,INFO,[RMCommunicator Allocator] org.apache.hadoop.mapreduce.v2.app.rm.RMContainerAllocator,"Recalculating schedule, headroom=<memory:2048, vCores:19>",e856e146,"Recalculating schedule, headroom=<memory:<*>, vCores:<*>>","['2048', '19>']"
394,2023-12-02,09:38:56,078,INFO,[RMCommunicator Allocator] org.apache.hadoop.mapreduce.v2.app.rm.RMContainerAllocator,"completedMapPercent 0.8 totalResourceLimit:<memory:17408, vCores:22> finalMapResourceLimit:<memory:8704, vCores:11> finalReduceResourceLimit:<memory:8704, vCores:11> netScheduledMapResource:<memory:10240, vCores:2> netScheduledReduceResource:<memory:10240, vCores:2>",1885a18a,"completedMapPercent <*>.<*> totalResourceLimit:<memory:<*>, vCores:<*>> finalMapResourceLimit:<memory:<*>, vCores:<*>> finalReduceResourceLimit:<memory:<*>, vCores:<*>> netScheduledMapResource:<memory:<*>, vCores:<*>> netScheduledReduceResource:<memory:<*>, vCores:<*>>","['0.8', '17408', '22>', '8704', '11>', '8704', '11>', '10240', '2>', '10240', '2>']"
395,2023-12-02,09:38:56,579,INFO,[IPC Server handler 12 on default port 39079] org.apache.hadoop.mapred.TaskAttemptListenerImpl,MapCompletionEvents request from attempt_1701457076904_0422_r_000001_0. startIndex 0 maxEvents 10000,f13d7a4d,MapCompletionEvents request from attempt_<*>_<*>_r_<*>_<*>. startIndex <*> maxEvents <*>,"['1701457076904_0422', '000001_0', '0', '10000']"
396,2023-12-02,09:38:56,689,INFO,[IPC Server handler 16 on default port 39079] org.apache.hadoop.mapred.TaskAttemptListenerImpl,MapCompletionEvents request from attempt_1701457076904_0422_r_000000_0. startIndex 8 maxEvents 10000,f13d7a4d,MapCompletionEvents request from attempt_<*>_<*>_r_<*>_<*>. startIndex <*> maxEvents <*>,"['1701457076904_0422', '000000_0', '8', '10000']"
397,2023-12-02,09:38:57,059,INFO,[IPC Server handler 7 on default port 39079] org.apache.hadoop.mapred.TaskAttemptListenerImpl,Progress of TaskAttempt attempt_1701457076904_0422_m_000008_0 is : 0.0,b53b8ef4,Progress of TaskAttempt <*> is : <*>.<*>,"['attempt_1701457076904_0422_m_000008_0', '0.0']"
398,2023-12-02,09:38:57,080,INFO,[RMCommunicator Allocator] org.apache.hadoop.mapreduce.v2.app.rm.RMContainerAllocator,"Recalculating schedule, headroom=<memory:2048, vCores:19>",e856e146,"Recalculating schedule, headroom=<memory:<*>, vCores:<*>>","['2048', '19>']"
399,2023-12-02,09:38:57,080,INFO,[RMCommunicator Allocator] org.apache.hadoop.mapreduce.v2.app.rm.RMContainerAllocator,"completedMapPercent 0.8 totalResourceLimit:<memory:17408, vCores:22> finalMapResourceLimit:<memory:8704, vCores:11> finalReduceResourceLimit:<memory:8704, vCores:11> netScheduledMapResource:<memory:10240, vCores:2> netScheduledReduceResource:<memory:10240, vCores:2>",1885a18a,"completedMapPercent <*>.<*> totalResourceLimit:<memory:<*>, vCores:<*>> finalMapResourceLimit:<memory:<*>, vCores:<*>> finalReduceResourceLimit:<memory:<*>, vCores:<*>> netScheduledMapResource:<memory:<*>, vCores:<*>> netScheduledReduceResource:<memory:<*>, vCores:<*>>","['0.8', '17408', '22>', '8704', '11>', '8704', '11>', '10240', '2>', '10240', '2>']"
400,2023-12-02,09:38:57,407,INFO,[IPC Server handler 11 on default port 39079] org.apache.hadoop.mapred.TaskAttemptListenerImpl,Progress of TaskAttempt attempt_1701457076904_0422_m_000008_0 is : 1.0,b53b8ef4,Progress of TaskAttempt <*> is : <*>.<*>,"['attempt_1701457076904_0422_m_000008_0', '1.0']"
401,2023-12-02,09:38:57,410,INFO,[IPC Server handler 12 on default port 39079] org.apache.hadoop.mapred.TaskAttemptListenerImpl,Done acknowledgment from attempt_1701457076904_0422_m_000008_0,6995e31f,Done acknowledgment from <*>,['attempt_1701457076904_0422_m_000008_0']
402,2023-12-02,09:38:57,411,INFO,[AsyncDispatcher event handler] org.apache.hadoop.mapreduce.v2.app.job.impl.TaskAttemptImpl,attempt_1701457076904_0422_m_000008_0 TaskAttempt Transitioned from RUNNING to SUCCESS_FINISHING_CONTAINER,590bd861,attempt_<*>_<*>_m_<*>_<*> TaskAttempt Transitioned from <*> to <*>,"['1701457076904_0422', '000008_0', 'RUNNING', 'SUCCESS_FINISHING_CONTAINER']"
403,2023-12-02,09:38:57,411,INFO,[AsyncDispatcher event handler] org.apache.hadoop.mapreduce.v2.app.job.impl.TaskImpl,Task succeeded with attempt attempt_1701457076904_0422_m_000008_0,007ded00,Task succeeded with attempt <*>,['attempt_1701457076904_0422_m_000008_0']
404,2023-12-02,09:38:57,411,INFO,[AsyncDispatcher event handler] org.apache.hadoop.mapreduce.v2.app.job.impl.TaskImpl,task_1701457076904_0422_m_000008 Task Transitioned from RUNNING to SUCCEEDED,d231a1af,task_<*>_<*>_m_<*> Task Transitioned from <*> to <*>,"['1701457076904_0422', '000008', 'RUNNING', 'SUCCEEDED']"
405,2023-12-02,09:38:57,413,INFO,[AsyncDispatcher event handler] org.apache.hadoop.mapreduce.v2.app.job.impl.JobImpl,Num completed Tasks: 9,3a2741bf,Num completed Tasks: <*>,['9']
406,2023-12-02,09:38:57,590,INFO,[IPC Server handler 13 on default port 39079] org.apache.hadoop.mapred.TaskAttemptListenerImpl,MapCompletionEvents request from attempt_1701457076904_0422_r_000001_0. startIndex 8 maxEvents 10000,f13d7a4d,MapCompletionEvents request from attempt_<*>_<*>_r_<*>_<*>. startIndex <*> maxEvents <*>,"['1701457076904_0422', '000001_0', '8', '10000']"
407,2023-12-02,09:38:57,692,INFO,[IPC Server handler 19 on default port 39079] org.apache.hadoop.mapred.TaskAttemptListenerImpl,MapCompletionEvents request from attempt_1701457076904_0422_r_000000_0. startIndex 8 maxEvents 10000,f13d7a4d,MapCompletionEvents request from attempt_<*>_<*>_r_<*>_<*>. startIndex <*> maxEvents <*>,"['1701457076904_0422', '000000_0', '8', '10000']"
408,2023-12-02,09:38:58,080,INFO,[RMCommunicator Allocator] org.apache.hadoop.mapreduce.v2.app.rm.RMContainerAllocator,Before Scheduling: PendingReds:3 ScheduledMaps:1 ScheduledReds:0 AssignedMaps:1 AssignedReds:2 CompletedMaps:9 CompletedReds:0 ContAlloc:11 ContRel:0 HostLocal:9 RackLocal:0,f3cfcdcd,Before Scheduling: PendingReds:<*> ScheduledMaps:<*> ScheduledReds:<*> AssignedMaps:<*> AssignedReds:<*> CompletedMaps:<*> CompletedReds:<*> ContAlloc:<*> ContRel:<*> HostLocal:<*> RackLocal:<*>,"['3', '1', '0', '1', '2', '9', '0', '11', '0', '9', '0']"
409,2023-12-02,09:38:58,083,INFO,[RMCommunicator Allocator] org.apache.hadoop.mapreduce.v2.app.rm.RMContainerAllocator,Received completed container container_1701457076904_0422_01_000014,279694a4,Received completed container container_<*>_<*>_<*>_<*>,"['1701457076904', '0422_01_000014']"
410,2023-12-02,09:38:58,083,INFO,[RMCommunicator Allocator] org.apache.hadoop.mapreduce.v2.app.rm.RMContainerAllocator,Got allocated containers 1,0f71bb1f,Got allocated containers <*>,['1']
411,2023-12-02,09:38:58,083,INFO,[AsyncDispatcher event handler] org.apache.hadoop.mapreduce.v2.app.job.impl.TaskAttemptImpl,Diagnostics report from attempt_1701457076904_0422_m_000008_0:,f7558028,Diagnostics report from <*>,['attempt_1701457076904_0422_m_000008_0:']
412,2023-12-02,09:38:58,083,INFO,[AsyncDispatcher event handler] org.apache.hadoop.mapreduce.v2.app.job.impl.TaskAttemptImpl,attempt_1701457076904_0422_m_000008_0 TaskAttempt Transitioned from SUCCESS_FINISHING_CONTAINER to SUCCEEDED,590bd861,attempt_<*>_<*>_m_<*>_<*> TaskAttempt Transitioned from <*> to <*>,"['1701457076904_0422', '000008_0', 'SUCCESS_FINISHING_CONTAINER', 'SUCCEEDED']"
413,2023-12-02,09:38:58,083,INFO,[RMCommunicator Allocator] org.apache.hadoop.mapreduce.v2.app.rm.RMContainerAllocator,Assigned container container_1701457076904_0422_01_000015 to attempt_1701457076904_0422_m_000009_0,99dd87cd,Assigned container container_<*>_<*>_<*>_<*> to <*>,"['1701457076904', '0422_01_000015', 'attempt_1701457076904_0422_m_000009_0']"
414,2023-12-02,09:38:58,083,INFO,[ContainerLauncher #1] org.apache.hadoop.mapreduce.v2.app.launcher.ContainerLauncherImpl,Processing the event EventType: CONTAINER_COMPLETED for container container_1701457076904_0422_01_000014 taskAttempt attempt_1701457076904_0422_m_000008_0,36fc78d1,Processing the event EventType: <*> for container container_<*>_<*>_<*>_<*> taskAttempt <*>,"['CONTAINER_COMPLETED', '1701457076904', '0422_01_000014', 'attempt_1701457076904_0422_m_000008_0']"
415,2023-12-02,09:38:58,083,INFO,[RMCommunicator Allocator] org.apache.hadoop.mapreduce.v2.app.rm.RMContainerAllocator,"Recalculating schedule, headroom=<memory:2048, vCores:19>",e856e146,"Recalculating schedule, headroom=<memory:<*>, vCores:<*>>","['2048', '19>']"
416,2023-12-02,09:38:58,083,INFO,[RMCommunicator Allocator] org.apache.hadoop.mapreduce.v2.app.rm.RMContainerAllocator,All maps assigned. Ramping up all remaining reduces:3,983af3ff,All maps assigned. Ramping up all remaining reduces:<*>,['3']
417,2023-12-02,09:38:58,083,INFO,[RMCommunicator Allocator] org.apache.hadoop.mapreduce.v2.app.rm.RMContainerAllocator,After Scheduling: PendingReds:0 ScheduledMaps:0 ScheduledReds:3 AssignedMaps:1 AssignedReds:2 CompletedMaps:9 CompletedReds:0 ContAlloc:12 ContRel:0 HostLocal:10 RackLocal:0,b1bdc9c9,After Scheduling: PendingReds:<*> ScheduledMaps:<*> ScheduledReds:<*> AssignedMaps:<*> AssignedReds:<*> CompletedMaps:<*> CompletedReds:<*> ContAlloc:<*> ContRel:<*> HostLocal:<*> RackLocal:<*>,"['0', '0', '3', '1', '2', '9', '0', '12', '0', '10', '0']"
418,2023-12-02,09:38:58,086,INFO,[AsyncDispatcher event handler] org.apache.hadoop.mapreduce.v2.app.job.impl.TaskAttemptImpl,attempt_1701457076904_0422_m_000009_0 TaskAttempt Transitioned from UNASSIGNED to ASSIGNED,590bd861,attempt_<*>_<*>_m_<*>_<*> TaskAttempt Transitioned from <*> to <*>,"['1701457076904_0422', '000009_0', 'UNASSIGNED', 'ASSIGNED']"
419,2023-12-02,09:38:58,086,INFO,[ContainerLauncher #2] org.apache.hadoop.mapreduce.v2.app.launcher.ContainerLauncherImpl,Processing the event EventType: CONTAINER_REMOTE_LAUNCH for container container_1701457076904_0422_01_000015 taskAttempt attempt_1701457076904_0422_m_000009_0,36fc78d1,Processing the event EventType: <*> for container container_<*>_<*>_<*>_<*> taskAttempt <*>,"['CONTAINER_REMOTE_LAUNCH', '1701457076904', '0422_01_000015', 'attempt_1701457076904_0422_m_000009_0']"
420,2023-12-02,09:38:58,086,INFO,[ContainerLauncher #2] org.apache.hadoop.mapreduce.v2.app.launcher.ContainerLauncherImpl,Launching attempt_1701457076904_0422_m_000009_0,df347da1,Launching <*>,['attempt_1701457076904_0422_m_000009_0']
421,2023-12-02,09:38:58,093,INFO,[ContainerLauncher #2] org.apache.hadoop.mapreduce.v2.app.launcher.ContainerLauncherImpl,Shuffle port returned by ContainerManager for attempt_1701457076904_0422_m_000009_0 : 13562,f4ac93f2,Shuffle port returned by ContainerManager for <*> : <*>,"['attempt_1701457076904_0422_m_000009_0', '13562']"
422,2023-12-02,09:38:58,094,INFO,[AsyncDispatcher event handler] org.apache.hadoop.mapreduce.v2.app.job.impl.TaskAttemptImpl,TaskAttempt: [attempt_1701457076904_0422_m_000009_0] using containerId: [container_1701457076904_0422_01_000015 on NM: [2f08f873c798:42181],97232dd5,TaskAttempt: <*> using containerId: [container_<*>_<*>_<*>_<*> on NM: <*>,"['[attempt_1701457076904_0422_m_000009_0]', '1701457076904', '0422_01_000015', '[2f08f873c798:42181]']"
423,2023-12-02,09:38:58,094,INFO,[AsyncDispatcher event handler] org.apache.hadoop.mapreduce.v2.app.job.impl.TaskAttemptImpl,attempt_1701457076904_0422_m_000009_0 TaskAttempt Transitioned from ASSIGNED to RUNNING,590bd861,attempt_<*>_<*>_m_<*>_<*> TaskAttempt Transitioned from <*> to <*>,"['1701457076904_0422', '000009_0', 'ASSIGNED', 'RUNNING']"
424,2023-12-02,09:38:58,094,INFO,[AsyncDispatcher event handler] org.apache.hadoop.mapreduce.v2.app.speculate.DefaultSpeculator,ATTEMPT_START task_1701457076904_0422_m_000009,e215e532,ATTEMPT_START <*>,['task_1701457076904_0422_m_000009']
425,2023-12-02,09:38:58,094,INFO,[AsyncDispatcher event handler] org.apache.hadoop.mapreduce.v2.app.job.impl.TaskImpl,task_1701457076904_0422_m_000009 Task Transitioned from SCHEDULED to RUNNING,d231a1af,task_<*>_<*>_m_<*> Task Transitioned from <*> to <*>,"['1701457076904_0422', '000009', 'SCHEDULED', 'RUNNING']"
426,2023-12-02,09:38:58,593,INFO,[IPC Server handler 14 on default port 39079] org.apache.hadoop.mapred.TaskAttemptListenerImpl,MapCompletionEvents request from attempt_1701457076904_0422_r_000001_0. startIndex 9 maxEvents 10000,f13d7a4d,MapCompletionEvents request from attempt_<*>_<*>_r_<*>_<*>. startIndex <*> maxEvents <*>,"['1701457076904_0422', '000001_0', '9', '10000']"
427,2023-12-02,09:38:58,695,INFO,[IPC Server handler 18 on default port 39079] org.apache.hadoop.mapred.TaskAttemptListenerImpl,MapCompletionEvents request from attempt_1701457076904_0422_r_000000_0. startIndex 9 maxEvents 10000,f13d7a4d,MapCompletionEvents request from attempt_<*>_<*>_r_<*>_<*>. startIndex <*> maxEvents <*>,"['1701457076904_0422', '000000_0', '9', '10000']"
428,2023-12-02,09:38:59,086,INFO,[RMCommunicator Allocator] org.apache.hadoop.mapreduce.v2.app.rm.RMContainerRequestor,"getResources() for application_1701457076904_0422: ask=6 release= 0 newContainers=0 finishedContainers=0 resourcelimit=<memory:7168, vCores:20> knownNMs=3",6d3d97fc,"getResources() for application_<*>_<*>: ask=<*> release= <*> newContainers=<*> finishedContainers=<*> resourcelimit=<memory:<*>, vCores:<*>> knownNMs=<*>","['1701457076904_0422', '6', '0', '0', '0', '7168', '20>', '3']"
429,2023-12-02,09:38:59,507,INFO,[Socket Reader #1 for port 0] SecurityLogger.org.apache.hadoop.ipc.Server,Auth successful for job_1701457076904_0422 (auth:SIMPLE) from 2f08f873c798:52234 / 192.161.20.17:52234,d8c9fc3d,Auth successful for job_<*>_<*> (auth:SIMPLE) from <*> / <*>,"['1701457076904_0422', '2f08f873c798:52234', '192.161.20.17:52234']"
430,2023-12-02,09:38:59,521,INFO,[IPC Server handler 13 on default port 39079] org.apache.hadoop.mapred.TaskAttemptListenerImpl,JVM with ID : jvm_1701457076904_0422_m_000015 asked for a task,60675cee,JVM with ID : <*> asked for a task,['jvm_1701457076904_0422_m_000015']
431,2023-12-02,09:38:59,521,INFO,[IPC Server handler 13 on default port 39079] org.apache.hadoop.mapred.TaskAttemptListenerImpl,JVM with ID: jvm_1701457076904_0422_m_000015 given task: attempt_1701457076904_0422_m_000009_0,2a1c144a,JVM with ID: <*> given task: <*>,"['jvm_1701457076904_0422_m_000015', 'attempt_1701457076904_0422_m_000009_0']"
432,2023-12-02,09:38:59,599,INFO,[IPC Server handler 15 on default port 39079] org.apache.hadoop.mapred.TaskAttemptListenerImpl,MapCompletionEvents request from attempt_1701457076904_0422_r_000001_0. startIndex 9 maxEvents 10000,f13d7a4d,MapCompletionEvents request from attempt_<*>_<*>_r_<*>_<*>. startIndex <*> maxEvents <*>,"['1701457076904_0422', '000001_0', '9', '10000']"
433,2023-12-02,09:38:59,698,INFO,[IPC Server handler 20 on default port 39079] org.apache.hadoop.mapred.TaskAttemptListenerImpl,MapCompletionEvents request from attempt_1701457076904_0422_r_000000_0. startIndex 9 maxEvents 10000,f13d7a4d,MapCompletionEvents request from attempt_<*>_<*>_r_<*>_<*>. startIndex <*> maxEvents <*>,"['1701457076904_0422', '000000_0', '9', '10000']"
434,2023-12-02,09:39:00,601,INFO,[IPC Server handler 10 on default port 39079] org.apache.hadoop.mapred.TaskAttemptListenerImpl,MapCompletionEvents request from attempt_1701457076904_0422_r_000001_0. startIndex 9 maxEvents 10000,f13d7a4d,MapCompletionEvents request from attempt_<*>_<*>_r_<*>_<*>. startIndex <*> maxEvents <*>,"['1701457076904_0422', '000001_0', '9', '10000']"
435,2023-12-02,09:39:00,701,INFO,[IPC Server handler 22 on default port 39079] org.apache.hadoop.mapred.TaskAttemptListenerImpl,MapCompletionEvents request from attempt_1701457076904_0422_r_000000_0. startIndex 9 maxEvents 10000,f13d7a4d,MapCompletionEvents request from attempt_<*>_<*>_r_<*>_<*>. startIndex <*> maxEvents <*>,"['1701457076904_0422', '000000_0', '9', '10000']"
436,2023-12-02,09:39:00,965,INFO,[IPC Server handler 4 on default port 39079] org.apache.hadoop.mapred.TaskAttemptListenerImpl,Progress of TaskAttempt attempt_1701457076904_0422_m_000009_0 is : 0.0,b53b8ef4,Progress of TaskAttempt <*> is : <*>.<*>,"['attempt_1701457076904_0422_m_000009_0', '0.0']"
437,2023-12-02,09:39:01,253,INFO,[IPC Server handler 8 on default port 39079] org.apache.hadoop.mapred.TaskAttemptListenerImpl,Progress of TaskAttempt attempt_1701457076904_0422_m_000009_0 is : 1.0,b53b8ef4,Progress of TaskAttempt <*> is : <*>.<*>,"['attempt_1701457076904_0422_m_000009_0', '1.0']"
438,2023-12-02,09:39:01,268,INFO,[IPC Server handler 9 on default port 39079] org.apache.hadoop.mapred.TaskAttemptListenerImpl,Done acknowledgment from attempt_1701457076904_0422_m_000009_0,6995e31f,Done acknowledgment from <*>,['attempt_1701457076904_0422_m_000009_0']
439,2023-12-02,09:39:01,269,INFO,[AsyncDispatcher event handler] org.apache.hadoop.mapreduce.v2.app.job.impl.TaskAttemptImpl,attempt_1701457076904_0422_m_000009_0 TaskAttempt Transitioned from RUNNING to SUCCESS_FINISHING_CONTAINER,590bd861,attempt_<*>_<*>_m_<*>_<*> TaskAttempt Transitioned from <*> to <*>,"['1701457076904_0422', '000009_0', 'RUNNING', 'SUCCESS_FINISHING_CONTAINER']"
440,2023-12-02,09:39:01,270,INFO,[AsyncDispatcher event handler] org.apache.hadoop.mapreduce.v2.app.job.impl.TaskImpl,Task succeeded with attempt attempt_1701457076904_0422_m_000009_0,007ded00,Task succeeded with attempt <*>,['attempt_1701457076904_0422_m_000009_0']
441,2023-12-02,09:39:01,270,INFO,[AsyncDispatcher event handler] org.apache.hadoop.mapreduce.v2.app.job.impl.TaskImpl,task_1701457076904_0422_m_000009 Task Transitioned from RUNNING to SUCCEEDED,d231a1af,task_<*>_<*>_m_<*> Task Transitioned from <*> to <*>,"['1701457076904_0422', '000009', 'RUNNING', 'SUCCEEDED']"
442,2023-12-02,09:39:01,270,INFO,[AsyncDispatcher event handler] org.apache.hadoop.mapreduce.v2.app.job.impl.JobImpl,Num completed Tasks: 10,3a2741bf,Num completed Tasks: <*>,['10']
443,2023-12-02,09:39:01,604,INFO,[IPC Server handler 17 on default port 39079] org.apache.hadoop.mapred.TaskAttemptListenerImpl,MapCompletionEvents request from attempt_1701457076904_0422_r_000001_0. startIndex 9 maxEvents 10000,f13d7a4d,MapCompletionEvents request from attempt_<*>_<*>_r_<*>_<*>. startIndex <*> maxEvents <*>,"['1701457076904_0422', '000001_0', '9', '10000']"
444,2023-12-02,09:39:01,616,INFO,[IPC Server handler 16 on default port 39079] org.apache.hadoop.mapred.TaskAttemptListenerImpl,Progress of TaskAttempt attempt_1701457076904_0422_r_000001_0 is : 0.0,b53b8ef4,Progress of TaskAttempt <*> is : <*>.<*>,"['attempt_1701457076904_0422_r_000001_0', '0.0']"
445,2023-12-02,09:39:01,704,INFO,[IPC Server handler 23 on default port 39079] org.apache.hadoop.mapred.TaskAttemptListenerImpl,MapCompletionEvents request from attempt_1701457076904_0422_r_000000_0. startIndex 9 maxEvents 10000,f13d7a4d,MapCompletionEvents request from attempt_<*>_<*>_r_<*>_<*>. startIndex <*> maxEvents <*>,"['1701457076904_0422', '000000_0', '9', '10000']"
446,2023-12-02,09:39:01,710,INFO,[IPC Server handler 25 on default port 39079] org.apache.hadoop.mapred.TaskAttemptListenerImpl,Progress of TaskAttempt attempt_1701457076904_0422_r_000000_0 is : 0.0,b53b8ef4,Progress of TaskAttempt <*> is : <*>.<*>,"['attempt_1701457076904_0422_r_000000_0', '0.0']"
447,2023-12-02,09:39:01,881,INFO,[IPC Server handler 0 on default port 39079] org.apache.hadoop.mapred.TaskAttemptListenerImpl,Commit-pending state update from attempt_1701457076904_0422_r_000001_0,cb2920ef,Commit-pending state update from attempt_<*>_<*>_r_<*>_<*>,"['1701457076904_0422', '000001_0']"
448,2023-12-02,09:39:01,881,INFO,[AsyncDispatcher event handler] org.apache.hadoop.mapreduce.v2.app.job.impl.TaskAttemptImpl,attempt_1701457076904_0422_r_000001_0 TaskAttempt Transitioned from RUNNING to COMMIT_PENDING,500abf63,attempt_<*>_<*>_r_<*>_<*> TaskAttempt Transitioned from <*> to <*>,"['1701457076904_0422', '000001_0', 'RUNNING', 'COMMIT_PENDING']"
449,2023-12-02,09:39:01,881,INFO,[AsyncDispatcher event handler] org.apache.hadoop.mapreduce.v2.app.job.impl.TaskImpl,attempt_1701457076904_0422_r_000001_0 given a go for committing the task output.,7fa51f52,attempt_<*>_<*>_r_<*>_<*> given a go for committing the task output.,"['1701457076904_0422', '000001_0']"
450,2023-12-02,09:39:01,882,INFO,[IPC Server handler 1 on default port 39079] org.apache.hadoop.mapred.TaskAttemptListenerImpl,Commit go/no-go request from attempt_1701457076904_0422_r_000001_0,1674f7e3,Commit go/no-go request from attempt_<*>_<*>_r_<*>_<*>,"['1701457076904_0422', '000001_0']"
451,2023-12-02,09:39:01,883,INFO,[IPC Server handler 1 on default port 39079] org.apache.hadoop.mapreduce.v2.app.job.impl.TaskImpl,Result of canCommit for attempt_1701457076904_0422_r_000001_0:true,bca3d632,Result of canCommit for attempt_<*>_<*>_r_<*>_<*>:true,"['1701457076904_0422', '000001_0']"
452,2023-12-02,09:39:01,911,INFO,[IPC Server handler 2 on default port 39079] org.apache.hadoop.mapred.TaskAttemptListenerImpl,Progress of TaskAttempt attempt_1701457076904_0422_r_000001_0 is : 1.0,b53b8ef4,Progress of TaskAttempt <*> is : <*>.<*>,"['attempt_1701457076904_0422_r_000001_0', '1.0']"
453,2023-12-02,09:39:01,915,INFO,[IPC Server handler 3 on default port 39079] org.apache.hadoop.mapred.TaskAttemptListenerImpl,Done acknowledgment from attempt_1701457076904_0422_r_000001_0,6995e31f,Done acknowledgment from <*>,['attempt_1701457076904_0422_r_000001_0']
454,2023-12-02,09:39:01,916,INFO,[AsyncDispatcher event handler] org.apache.hadoop.mapreduce.v2.app.job.impl.TaskAttemptImpl,attempt_1701457076904_0422_r_000001_0 TaskAttempt Transitioned from COMMIT_PENDING to SUCCESS_FINISHING_CONTAINER,500abf63,attempt_<*>_<*>_r_<*>_<*> TaskAttempt Transitioned from <*> to <*>,"['1701457076904_0422', '000001_0', 'COMMIT_PENDING', 'SUCCESS_FINISHING_CONTAINER']"
455,2023-12-02,09:39:01,916,INFO,[AsyncDispatcher event handler] org.apache.hadoop.mapreduce.v2.app.job.impl.TaskImpl,Task succeeded with attempt attempt_1701457076904_0422_r_000001_0,007ded00,Task succeeded with attempt <*>,['attempt_1701457076904_0422_r_000001_0']
456,2023-12-02,09:39:01,917,INFO,[AsyncDispatcher event handler] org.apache.hadoop.mapreduce.v2.app.job.impl.TaskImpl,task_1701457076904_0422_r_000001 Task Transitioned from RUNNING to SUCCEEDED,a55d23fc,task_<*>_<*>_r_<*> Task Transitioned from <*> to <*>,"['1701457076904_0422', '000001', 'RUNNING', 'SUCCEEDED']"
457,2023-12-02,09:39:01,917,INFO,[AsyncDispatcher event handler] org.apache.hadoop.mapreduce.v2.app.job.impl.JobImpl,Num completed Tasks: 11,3a2741bf,Num completed Tasks: <*>,['11']
458,2023-12-02,09:39:01,962,INFO,[IPC Server handler 4 on default port 39079] org.apache.hadoop.mapred.TaskAttemptListenerImpl,Commit-pending state update from attempt_1701457076904_0422_r_000000_0,cb2920ef,Commit-pending state update from attempt_<*>_<*>_r_<*>_<*>,"['1701457076904_0422', '000000_0']"
459,2023-12-02,09:39:01,963,INFO,[AsyncDispatcher event handler] org.apache.hadoop.mapreduce.v2.app.job.impl.TaskAttemptImpl,attempt_1701457076904_0422_r_000000_0 TaskAttempt Transitioned from RUNNING to COMMIT_PENDING,500abf63,attempt_<*>_<*>_r_<*>_<*> TaskAttempt Transitioned from <*> to <*>,"['1701457076904_0422', '000000_0', 'RUNNING', 'COMMIT_PENDING']"
460,2023-12-02,09:39:01,963,INFO,[AsyncDispatcher event handler] org.apache.hadoop.mapreduce.v2.app.job.impl.TaskImpl,attempt_1701457076904_0422_r_000000_0 given a go for committing the task output.,7fa51f52,attempt_<*>_<*>_r_<*>_<*> given a go for committing the task output.,"['1701457076904_0422', '000000_0']"
461,2023-12-02,09:39:01,963,INFO,[IPC Server handler 5 on default port 39079] org.apache.hadoop.mapred.TaskAttemptListenerImpl,Commit go/no-go request from attempt_1701457076904_0422_r_000000_0,1674f7e3,Commit go/no-go request from attempt_<*>_<*>_r_<*>_<*>,"['1701457076904_0422', '000000_0']"
462,2023-12-02,09:39:01,964,INFO,[IPC Server handler 5 on default port 39079] org.apache.hadoop.mapreduce.v2.app.job.impl.TaskImpl,Result of canCommit for attempt_1701457076904_0422_r_000000_0:true,bca3d632,Result of canCommit for attempt_<*>_<*>_r_<*>_<*>:true,"['1701457076904_0422', '000000_0']"
463,2023-12-02,09:39:01,987,INFO,[IPC Server handler 6 on default port 39079] org.apache.hadoop.mapred.TaskAttemptListenerImpl,Progress of TaskAttempt attempt_1701457076904_0422_r_000000_0 is : 1.0,b53b8ef4,Progress of TaskAttempt <*> is : <*>.<*>,"['attempt_1701457076904_0422_r_000000_0', '1.0']"
464,2023-12-02,09:39:01,990,INFO,[IPC Server handler 7 on default port 39079] org.apache.hadoop.mapred.TaskAttemptListenerImpl,Done acknowledgment from attempt_1701457076904_0422_r_000000_0,6995e31f,Done acknowledgment from <*>,['attempt_1701457076904_0422_r_000000_0']
465,2023-12-02,09:39:01,991,INFO,[AsyncDispatcher event handler] org.apache.hadoop.mapreduce.v2.app.job.impl.TaskAttemptImpl,attempt_1701457076904_0422_r_000000_0 TaskAttempt Transitioned from COMMIT_PENDING to SUCCESS_FINISHING_CONTAINER,500abf63,attempt_<*>_<*>_r_<*>_<*> TaskAttempt Transitioned from <*> to <*>,"['1701457076904_0422', '000000_0', 'COMMIT_PENDING', 'SUCCESS_FINISHING_CONTAINER']"
466,2023-12-02,09:39:01,991,INFO,[AsyncDispatcher event handler] org.apache.hadoop.mapreduce.v2.app.job.impl.TaskImpl,Task succeeded with attempt attempt_1701457076904_0422_r_000000_0,007ded00,Task succeeded with attempt <*>,['attempt_1701457076904_0422_r_000000_0']
467,2023-12-02,09:39:01,991,INFO,[AsyncDispatcher event handler] org.apache.hadoop.mapreduce.v2.app.job.impl.TaskImpl,task_1701457076904_0422_r_000000 Task Transitioned from RUNNING to SUCCEEDED,a55d23fc,task_<*>_<*>_r_<*> Task Transitioned from <*> to <*>,"['1701457076904_0422', '000000', 'RUNNING', 'SUCCEEDED']"
468,2023-12-02,09:39:01,991,INFO,[AsyncDispatcher event handler] org.apache.hadoop.mapreduce.v2.app.job.impl.JobImpl,Num completed Tasks: 12,3a2741bf,Num completed Tasks: <*>,['12']
469,2023-12-02,09:39:02,090,INFO,[RMCommunicator Allocator] org.apache.hadoop.mapreduce.v2.app.rm.RMContainerAllocator,Before Scheduling: PendingReds:0 ScheduledMaps:0 ScheduledReds:3 AssignedMaps:1 AssignedReds:2 CompletedMaps:10 CompletedReds:2 ContAlloc:12 ContRel:0 HostLocal:10 RackLocal:0,f3cfcdcd,Before Scheduling: PendingReds:<*> ScheduledMaps:<*> ScheduledReds:<*> AssignedMaps:<*> AssignedReds:<*> CompletedMaps:<*> CompletedReds:<*> ContAlloc:<*> ContRel:<*> HostLocal:<*> RackLocal:<*>,"['0', '0', '3', '1', '2', '10', '2', '12', '0', '10', '0']"
470,2023-12-02,09:39:02,093,INFO,[RMCommunicator Allocator] org.apache.hadoop.mapreduce.v2.app.rm.RMContainerAllocator,Received completed container container_1701457076904_0422_01_000015,279694a4,Received completed container container_<*>_<*>_<*>_<*>,"['1701457076904', '0422_01_000015']"
471,2023-12-02,09:39:02,093,INFO,[RMCommunicator Allocator] org.apache.hadoop.mapreduce.v2.app.rm.RMContainerAllocator,Got allocated containers 1,0f71bb1f,Got allocated containers <*>,['1']
472,2023-12-02,09:39:02,093,INFO,[RMCommunicator Allocator] org.apache.hadoop.mapreduce.v2.app.rm.RMContainerAllocator,Assigned to reduce,ff65c706,Assigned to reduce,[]
473,2023-12-02,09:39:02,093,INFO,[AsyncDispatcher event handler] org.apache.hadoop.mapreduce.v2.app.job.impl.TaskAttemptImpl,Diagnostics report from attempt_1701457076904_0422_m_000009_0:,f7558028,Diagnostics report from <*>,['attempt_1701457076904_0422_m_000009_0:']
474,2023-12-02,09:39:02,093,INFO,[RMCommunicator Allocator] org.apache.hadoop.mapreduce.v2.app.rm.RMContainerAllocator,Assigned container container_1701457076904_0422_01_000017 to attempt_1701457076904_0422_r_000002_0,99dd87cd,Assigned container container_<*>_<*>_<*>_<*> to <*>,"['1701457076904', '0422_01_000017', 'attempt_1701457076904_0422_r_000002_0']"
475,2023-12-02,09:39:02,093,INFO,[AsyncDispatcher event handler] org.apache.hadoop.mapreduce.v2.app.job.impl.TaskAttemptImpl,attempt_1701457076904_0422_m_000009_0 TaskAttempt Transitioned from SUCCESS_FINISHING_CONTAINER to SUCCEEDED,590bd861,attempt_<*>_<*>_m_<*>_<*> TaskAttempt Transitioned from <*> to <*>,"['1701457076904_0422', '000009_0', 'SUCCESS_FINISHING_CONTAINER', 'SUCCEEDED']"
476,2023-12-02,09:39:02,093,INFO,[RMCommunicator Allocator] org.apache.hadoop.mapreduce.v2.app.rm.RMContainerAllocator,After Scheduling: PendingReds:0 ScheduledMaps:0 ScheduledReds:2 AssignedMaps:0 AssignedReds:3 CompletedMaps:10 CompletedReds:2 ContAlloc:13 ContRel:0 HostLocal:10 RackLocal:0,b1bdc9c9,After Scheduling: PendingReds:<*> ScheduledMaps:<*> ScheduledReds:<*> AssignedMaps:<*> AssignedReds:<*> CompletedMaps:<*> CompletedReds:<*> ContAlloc:<*> ContRel:<*> HostLocal:<*> RackLocal:<*>,"['0', '0', '2', '0', '3', '10', '2', '13', '0', '10', '0']"
477,2023-12-02,09:39:02,095,INFO,[AsyncDispatcher event handler] org.apache.hadoop.mapreduce.v2.app.job.impl.TaskAttemptImpl,attempt_1701457076904_0422_r_000002_0 TaskAttempt Transitioned from UNASSIGNED to ASSIGNED,500abf63,attempt_<*>_<*>_r_<*>_<*> TaskAttempt Transitioned from <*> to <*>,"['1701457076904_0422', '000002_0', 'UNASSIGNED', 'ASSIGNED']"
478,2023-12-02,09:39:02,096,INFO,[ContainerLauncher #9] org.apache.hadoop.mapreduce.v2.app.launcher.ContainerLauncherImpl,Processing the event EventType: CONTAINER_COMPLETED for container container_1701457076904_0422_01_000015 taskAttempt attempt_1701457076904_0422_m_000009_0,36fc78d1,Processing the event EventType: <*> for container container_<*>_<*>_<*>_<*> taskAttempt <*>,"['CONTAINER_COMPLETED', '1701457076904', '0422_01_000015', 'attempt_1701457076904_0422_m_000009_0']"
479,2023-12-02,09:39:02,096,INFO,[ContainerLauncher #4] org.apache.hadoop.mapreduce.v2.app.launcher.ContainerLauncherImpl,Processing the event EventType: CONTAINER_REMOTE_LAUNCH for container container_1701457076904_0422_01_000017 taskAttempt attempt_1701457076904_0422_r_000002_0,36fc78d1,Processing the event EventType: <*> for container container_<*>_<*>_<*>_<*> taskAttempt <*>,"['CONTAINER_REMOTE_LAUNCH', '1701457076904', '0422_01_000017', 'attempt_1701457076904_0422_r_000002_0']"
480,2023-12-02,09:39:02,096,INFO,[ContainerLauncher #4] org.apache.hadoop.mapreduce.v2.app.launcher.ContainerLauncherImpl,Launching attempt_1701457076904_0422_r_000002_0,df347da1,Launching <*>,['attempt_1701457076904_0422_r_000002_0']
481,2023-12-02,09:39:02,103,INFO,[ContainerLauncher #4] org.apache.hadoop.mapreduce.v2.app.launcher.ContainerLauncherImpl,Shuffle port returned by ContainerManager for attempt_1701457076904_0422_r_000002_0 : 13562,f4ac93f2,Shuffle port returned by ContainerManager for <*> : <*>,"['attempt_1701457076904_0422_r_000002_0', '13562']"
482,2023-12-02,09:39:02,104,INFO,[AsyncDispatcher event handler] org.apache.hadoop.mapreduce.v2.app.job.impl.TaskAttemptImpl,TaskAttempt: [attempt_1701457076904_0422_r_000002_0] using containerId: [container_1701457076904_0422_01_000017 on NM: [2f08f873c798:42181],97232dd5,TaskAttempt: <*> using containerId: [container_<*>_<*>_<*>_<*> on NM: <*>,"['[attempt_1701457076904_0422_r_000002_0]', '1701457076904', '0422_01_000017', '[2f08f873c798:42181]']"
483,2023-12-02,09:39:02,104,INFO,[AsyncDispatcher event handler] org.apache.hadoop.mapreduce.v2.app.job.impl.TaskAttemptImpl,attempt_1701457076904_0422_r_000002_0 TaskAttempt Transitioned from ASSIGNED to RUNNING,500abf63,attempt_<*>_<*>_r_<*>_<*> TaskAttempt Transitioned from <*> to <*>,"['1701457076904_0422', '000002_0', 'ASSIGNED', 'RUNNING']"
484,2023-12-02,09:39:02,104,INFO,[AsyncDispatcher event handler] org.apache.hadoop.mapreduce.v2.app.speculate.DefaultSpeculator,ATTEMPT_START task_1701457076904_0422_r_000002,e215e532,ATTEMPT_START <*>,['task_1701457076904_0422_r_000002']
485,2023-12-02,09:39:02,104,INFO,[AsyncDispatcher event handler] org.apache.hadoop.mapreduce.v2.app.job.impl.TaskImpl,task_1701457076904_0422_r_000002 Task Transitioned from SCHEDULED to RUNNING,a55d23fc,task_<*>_<*>_r_<*> Task Transitioned from <*> to <*>,"['1701457076904_0422', '000002', 'SCHEDULED', 'RUNNING']"
486,2023-12-02,09:39:03,097,INFO,[RMCommunicator Allocator] org.apache.hadoop.mapreduce.v2.app.rm.RMContainerRequestor,"getResources() for application_1701457076904_0422: ask=1 release= 0 newContainers=2 finishedContainers=2 resourcelimit=<memory:7168, vCores:20> knownNMs=3",6d3d97fc,"getResources() for application_<*>_<*>: ask=<*> release= <*> newContainers=<*> finishedContainers=<*> resourcelimit=<memory:<*>, vCores:<*>> knownNMs=<*>","['1701457076904_0422', '1', '0', '2', '2', '7168', '20>', '3']"
487,2023-12-02,09:39:03,097,INFO,[RMCommunicator Allocator] org.apache.hadoop.mapreduce.v2.app.rm.RMContainerAllocator,Received completed container container_1701457076904_0422_01_000013,279694a4,Received completed container container_<*>_<*>_<*>_<*>,"['1701457076904', '0422_01_000013']"
488,2023-12-02,09:39:03,097,INFO,[RMCommunicator Allocator] org.apache.hadoop.mapreduce.v2.app.rm.RMContainerAllocator,Received completed container container_1701457076904_0422_01_000010,279694a4,Received completed container container_<*>_<*>_<*>_<*>,"['1701457076904', '0422_01_000010']"
489,2023-12-02,09:39:03,097,INFO,[RMCommunicator Allocator] org.apache.hadoop.mapreduce.v2.app.rm.RMContainerAllocator,Got allocated containers 2,0f71bb1f,Got allocated containers <*>,['2']
490,2023-12-02,09:39:03,097,INFO,[AsyncDispatcher event handler] org.apache.hadoop.mapreduce.v2.app.job.impl.TaskAttemptImpl,Diagnostics report from attempt_1701457076904_0422_r_000001_0:,f7558028,Diagnostics report from <*>,['attempt_1701457076904_0422_r_000001_0:']
491,2023-12-02,09:39:03,097,INFO,[AsyncDispatcher event handler] org.apache.hadoop.mapreduce.v2.app.job.impl.TaskAttemptImpl,attempt_1701457076904_0422_r_000001_0 TaskAttempt Transitioned from SUCCESS_FINISHING_CONTAINER to SUCCEEDED,500abf63,attempt_<*>_<*>_r_<*>_<*> TaskAttempt Transitioned from <*> to <*>,"['1701457076904_0422', '000001_0', 'SUCCESS_FINISHING_CONTAINER', 'SUCCEEDED']"
492,2023-12-02,09:39:03,097,INFO,[RMCommunicator Allocator] org.apache.hadoop.mapreduce.v2.app.rm.RMContainerAllocator,Assigned to reduce,ff65c706,Assigned to reduce,[]
493,2023-12-02,09:39:03,097,INFO,[AsyncDispatcher event handler] org.apache.hadoop.mapreduce.v2.app.job.impl.TaskAttemptImpl,Diagnostics report from attempt_1701457076904_0422_r_000000_0:,f7558028,Diagnostics report from <*>,['attempt_1701457076904_0422_r_000000_0:']
494,2023-12-02,09:39:03,097,INFO,[AsyncDispatcher event handler] org.apache.hadoop.mapreduce.v2.app.job.impl.TaskAttemptImpl,attempt_1701457076904_0422_r_000000_0 TaskAttempt Transitioned from SUCCESS_FINISHING_CONTAINER to SUCCEEDED,500abf63,attempt_<*>_<*>_r_<*>_<*> TaskAttempt Transitioned from <*> to <*>,"['1701457076904_0422', '000000_0', 'SUCCESS_FINISHING_CONTAINER', 'SUCCEEDED']"
495,2023-12-02,09:39:03,097,INFO,[RMCommunicator Allocator] org.apache.hadoop.mapreduce.v2.app.rm.RMContainerAllocator,Assigned container container_1701457076904_0422_01_000016 to attempt_1701457076904_0422_r_000003_0,99dd87cd,Assigned container container_<*>_<*>_<*>_<*> to <*>,"['1701457076904', '0422_01_000016', 'attempt_1701457076904_0422_r_000003_0']"
496,2023-12-02,09:39:03,097,INFO,[RMCommunicator Allocator] org.apache.hadoop.mapreduce.v2.app.rm.RMContainerAllocator,Assigned to reduce,ff65c706,Assigned to reduce,[]
497,2023-12-02,09:39:03,097,INFO,[ContainerLauncher #0] org.apache.hadoop.mapreduce.v2.app.launcher.ContainerLauncherImpl,Processing the event EventType: CONTAINER_COMPLETED for container container_1701457076904_0422_01_000013 taskAttempt attempt_1701457076904_0422_r_000001_0,36fc78d1,Processing the event EventType: <*> for container container_<*>_<*>_<*>_<*> taskAttempt <*>,"['CONTAINER_COMPLETED', '1701457076904', '0422_01_000013', 'attempt_1701457076904_0422_r_000001_0']"
498,2023-12-02,09:39:03,097,INFO,[RMCommunicator Allocator] org.apache.hadoop.mapreduce.v2.app.rm.RMContainerAllocator,Assigned container container_1701457076904_0422_01_000018 to attempt_1701457076904_0422_r_000004_0,99dd87cd,Assigned container container_<*>_<*>_<*>_<*> to <*>,"['1701457076904', '0422_01_000018', 'attempt_1701457076904_0422_r_000004_0']"
499,2023-12-02,09:39:03,097,INFO,[ContainerLauncher #3] org.apache.hadoop.mapreduce.v2.app.launcher.ContainerLauncherImpl,Processing the event EventType: CONTAINER_COMPLETED for container container_1701457076904_0422_01_000010 taskAttempt attempt_1701457076904_0422_r_000000_0,36fc78d1,Processing the event EventType: <*> for container container_<*>_<*>_<*>_<*> taskAttempt <*>,"['CONTAINER_COMPLETED', '1701457076904', '0422_01_000010', 'attempt_1701457076904_0422_r_000000_0']"
500,2023-12-02,09:39:03,097,INFO,[RMCommunicator Allocator] org.apache.hadoop.mapreduce.v2.app.rm.RMContainerAllocator,After Scheduling: PendingReds:0 ScheduledMaps:0 ScheduledReds:0 AssignedMaps:0 AssignedReds:3 CompletedMaps:10 CompletedReds:2 ContAlloc:15 ContRel:0 HostLocal:10 RackLocal:0,b1bdc9c9,After Scheduling: PendingReds:<*> ScheduledMaps:<*> ScheduledReds:<*> AssignedMaps:<*> AssignedReds:<*> CompletedMaps:<*> CompletedReds:<*> ContAlloc:<*> ContRel:<*> HostLocal:<*> RackLocal:<*>,"['0', '0', '0', '0', '3', '10', '2', '15', '0', '10', '0']"
501,2023-12-02,09:39:03,100,INFO,[AsyncDispatcher event handler] org.apache.hadoop.mapreduce.v2.app.job.impl.TaskAttemptImpl,attempt_1701457076904_0422_r_000003_0 TaskAttempt Transitioned from UNASSIGNED to ASSIGNED,500abf63,attempt_<*>_<*>_r_<*>_<*> TaskAttempt Transitioned from <*> to <*>,"['1701457076904_0422', '000003_0', 'UNASSIGNED', 'ASSIGNED']"
502,2023-12-02,09:39:03,103,INFO,[AsyncDispatcher event handler] org.apache.hadoop.mapreduce.v2.app.job.impl.TaskAttemptImpl,attempt_1701457076904_0422_r_000004_0 TaskAttempt Transitioned from UNASSIGNED to ASSIGNED,500abf63,attempt_<*>_<*>_r_<*>_<*> TaskAttempt Transitioned from <*> to <*>,"['1701457076904_0422', '000004_0', 'UNASSIGNED', 'ASSIGNED']"
503,2023-12-02,09:39:03,104,INFO,[ContainerLauncher #5] org.apache.hadoop.mapreduce.v2.app.launcher.ContainerLauncherImpl,Processing the event EventType: CONTAINER_REMOTE_LAUNCH for container container_1701457076904_0422_01_000016 taskAttempt attempt_1701457076904_0422_r_000003_0,36fc78d1,Processing the event EventType: <*> for container container_<*>_<*>_<*>_<*> taskAttempt <*>,"['CONTAINER_REMOTE_LAUNCH', '1701457076904', '0422_01_000016', 'attempt_1701457076904_0422_r_000003_0']"
504,2023-12-02,09:39:03,104,INFO,[ContainerLauncher #8] org.apache.hadoop.mapreduce.v2.app.launcher.ContainerLauncherImpl,Processing the event EventType: CONTAINER_REMOTE_LAUNCH for container container_1701457076904_0422_01_000018 taskAttempt attempt_1701457076904_0422_r_000004_0,36fc78d1,Processing the event EventType: <*> for container container_<*>_<*>_<*>_<*> taskAttempt <*>,"['CONTAINER_REMOTE_LAUNCH', '1701457076904', '0422_01_000018', 'attempt_1701457076904_0422_r_000004_0']"
505,2023-12-02,09:39:03,104,INFO,[ContainerLauncher #5] org.apache.hadoop.mapreduce.v2.app.launcher.ContainerLauncherImpl,Launching attempt_1701457076904_0422_r_000003_0,df347da1,Launching <*>,['attempt_1701457076904_0422_r_000003_0']
506,2023-12-02,09:39:03,104,INFO,[ContainerLauncher #8] org.apache.hadoop.mapreduce.v2.app.launcher.ContainerLauncherImpl,Launching attempt_1701457076904_0422_r_000004_0,df347da1,Launching <*>,['attempt_1701457076904_0422_r_000004_0']
507,2023-12-02,09:39:03,117,INFO,[ContainerLauncher #5] org.apache.hadoop.mapreduce.v2.app.launcher.ContainerLauncherImpl,Shuffle port returned by ContainerManager for attempt_1701457076904_0422_r_000003_0 : 13562,f4ac93f2,Shuffle port returned by ContainerManager for <*> : <*>,"['attempt_1701457076904_0422_r_000003_0', '13562']"
508,2023-12-02,09:39:03,118,INFO,[AsyncDispatcher event handler] org.apache.hadoop.mapreduce.v2.app.job.impl.TaskAttemptImpl,TaskAttempt: [attempt_1701457076904_0422_r_000003_0] using containerId: [container_1701457076904_0422_01_000016 on NM: [ed761ad59d44:41819],97232dd5,TaskAttempt: <*> using containerId: [container_<*>_<*>_<*>_<*> on NM: <*>,"['[attempt_1701457076904_0422_r_000003_0]', '1701457076904', '0422_01_000016', '[ed761ad59d44:41819]']"
509,2023-12-02,09:39:03,118,INFO,[AsyncDispatcher event handler] org.apache.hadoop.mapreduce.v2.app.job.impl.TaskAttemptImpl,attempt_1701457076904_0422_r_000003_0 TaskAttempt Transitioned from ASSIGNED to RUNNING,500abf63,attempt_<*>_<*>_r_<*>_<*> TaskAttempt Transitioned from <*> to <*>,"['1701457076904_0422', '000003_0', 'ASSIGNED', 'RUNNING']"
510,2023-12-02,09:39:03,118,INFO,[AsyncDispatcher event handler] org.apache.hadoop.mapreduce.v2.app.speculate.DefaultSpeculator,ATTEMPT_START task_1701457076904_0422_r_000003,e215e532,ATTEMPT_START <*>,['task_1701457076904_0422_r_000003']
511,2023-12-02,09:39:03,118,INFO,[AsyncDispatcher event handler] org.apache.hadoop.mapreduce.v2.app.job.impl.TaskImpl,task_1701457076904_0422_r_000003 Task Transitioned from SCHEDULED to RUNNING,a55d23fc,task_<*>_<*>_r_<*> Task Transitioned from <*> to <*>,"['1701457076904_0422', '000003', 'SCHEDULED', 'RUNNING']"
512,2023-12-02,09:39:03,119,INFO,[ContainerLauncher #8] org.apache.hadoop.mapreduce.v2.app.launcher.ContainerLauncherImpl,Shuffle port returned by ContainerManager for attempt_1701457076904_0422_r_000004_0 : 13562,f4ac93f2,Shuffle port returned by ContainerManager for <*> : <*>,"['attempt_1701457076904_0422_r_000004_0', '13562']"
513,2023-12-02,09:39:03,123,INFO,[AsyncDispatcher event handler] org.apache.hadoop.mapreduce.v2.app.job.impl.TaskAttemptImpl,TaskAttempt: [attempt_1701457076904_0422_r_000004_0] using containerId: [container_1701457076904_0422_01_000018 on NM: [cf6e5ca2712c:42253],97232dd5,TaskAttempt: <*> using containerId: [container_<*>_<*>_<*>_<*> on NM: <*>,"['[attempt_1701457076904_0422_r_000004_0]', '1701457076904', '0422_01_000018', '[cf6e5ca2712c:42253]']"
514,2023-12-02,09:39:03,123,INFO,[AsyncDispatcher event handler] org.apache.hadoop.mapreduce.v2.app.job.impl.TaskAttemptImpl,attempt_1701457076904_0422_r_000004_0 TaskAttempt Transitioned from ASSIGNED to RUNNING,500abf63,attempt_<*>_<*>_r_<*>_<*> TaskAttempt Transitioned from <*> to <*>,"['1701457076904_0422', '000004_0', 'ASSIGNED', 'RUNNING']"
515,2023-12-02,09:39:03,123,INFO,[AsyncDispatcher event handler] org.apache.hadoop.mapreduce.v2.app.speculate.DefaultSpeculator,ATTEMPT_START task_1701457076904_0422_r_000004,e215e532,ATTEMPT_START <*>,['task_1701457076904_0422_r_000004']
516,2023-12-02,09:39:03,123,INFO,[AsyncDispatcher event handler] org.apache.hadoop.mapreduce.v2.app.job.impl.TaskImpl,task_1701457076904_0422_r_000004 Task Transitioned from SCHEDULED to RUNNING,a55d23fc,task_<*>_<*>_r_<*> Task Transitioned from <*> to <*>,"['1701457076904_0422', '000004', 'SCHEDULED', 'RUNNING']"
517,2023-12-02,09:39:03,476,INFO,[Socket Reader #1 for port 0] SecurityLogger.org.apache.hadoop.ipc.Server,Auth successful for job_1701457076904_0422 (auth:SIMPLE) from 2f08f873c798:52248 / 192.161.20.17:52248,d8c9fc3d,Auth successful for job_<*>_<*> (auth:SIMPLE) from <*> / <*>,"['1701457076904_0422', '2f08f873c798:52248', '192.161.20.17:52248']"
518,2023-12-02,09:39:03,487,INFO,[IPC Server handler 13 on default port 39079] org.apache.hadoop.mapred.TaskAttemptListenerImpl,JVM with ID : jvm_1701457076904_0422_r_000017 asked for a task,60675cee,JVM with ID : <*> asked for a task,['jvm_1701457076904_0422_r_000017']
519,2023-12-02,09:39:03,488,INFO,[IPC Server handler 13 on default port 39079] org.apache.hadoop.mapred.TaskAttemptListenerImpl,JVM with ID: jvm_1701457076904_0422_r_000017 given task: attempt_1701457076904_0422_r_000002_0,2a1c144a,JVM with ID: <*> given task: <*>,"['jvm_1701457076904_0422_r_000017', 'attempt_1701457076904_0422_r_000002_0']"
520,2023-12-02,09:39:04,099,INFO,[RMCommunicator Allocator] org.apache.hadoop.mapreduce.v2.app.rm.RMContainerRequestor,"getResources() for application_1701457076904_0422: ask=1 release= 0 newContainers=0 finishedContainers=0 resourcelimit=<memory:2048, vCores:19> knownNMs=3",6d3d97fc,"getResources() for application_<*>_<*>: ask=<*> release= <*> newContainers=<*> finishedContainers=<*> resourcelimit=<memory:<*>, vCores:<*>> knownNMs=<*>","['1701457076904_0422', '1', '0', '0', '0', '2048', '19>', '3']"
521,2023-12-02,09:39:04,594,INFO,[Socket Reader #1 for port 0] SecurityLogger.org.apache.hadoop.ipc.Server,Auth successful for job_1701457076904_0422 (auth:SIMPLE) from cf6e5ca2712c:35238 / 192.161.20.5:35238,d8c9fc3d,Auth successful for job_<*>_<*> (auth:SIMPLE) from <*> / <*>,"['1701457076904_0422', 'cf6e5ca2712c:35238', '192.161.20.5:35238']"
522,2023-12-02,09:39:04,606,INFO,[IPC Server handler 16 on default port 39079] org.apache.hadoop.mapred.TaskAttemptListenerImpl,JVM with ID : jvm_1701457076904_0422_r_000018 asked for a task,60675cee,JVM with ID : <*> asked for a task,['jvm_1701457076904_0422_r_000018']
523,2023-12-02,09:39:04,606,INFO,[IPC Server handler 16 on default port 39079] org.apache.hadoop.mapred.TaskAttemptListenerImpl,JVM with ID: jvm_1701457076904_0422_r_000018 given task: attempt_1701457076904_0422_r_000004_0,2a1c144a,JVM with ID: <*> given task: <*>,"['jvm_1701457076904_0422_r_000018', 'attempt_1701457076904_0422_r_000004_0']"
524,2023-12-02,09:39:04,616,INFO,[Socket Reader #1 for port 0] SecurityLogger.org.apache.hadoop.ipc.Server,Auth successful for job_1701457076904_0422 (auth:SIMPLE) from ed761ad59d44:33664 / 192.161.20.23:33664,d8c9fc3d,Auth successful for job_<*>_<*> (auth:SIMPLE) from <*> / <*>,"['1701457076904_0422', 'ed761ad59d44:33664', '192.161.20.23:33664']"
525,2023-12-02,09:39:04,631,INFO,[IPC Server handler 19 on default port 39079] org.apache.hadoop.mapred.TaskAttemptListenerImpl,JVM with ID : jvm_1701457076904_0422_r_000016 asked for a task,60675cee,JVM with ID : <*> asked for a task,['jvm_1701457076904_0422_r_000016']
526,2023-12-02,09:39:04,631,INFO,[IPC Server handler 19 on default port 39079] org.apache.hadoop.mapred.TaskAttemptListenerImpl,JVM with ID: jvm_1701457076904_0422_r_000016 given task: attempt_1701457076904_0422_r_000003_0,2a1c144a,JVM with ID: <*> given task: <*>,"['jvm_1701457076904_0422_r_000016', 'attempt_1701457076904_0422_r_000003_0']"
527,2023-12-02,09:39:04,652,INFO,[IPC Server handler 18 on default port 39079] org.apache.hadoop.mapred.TaskAttemptListenerImpl,MapCompletionEvents request from attempt_1701457076904_0422_r_000002_0. startIndex 0 maxEvents 10000,f13d7a4d,MapCompletionEvents request from attempt_<*>_<*>_r_<*>_<*>. startIndex <*> maxEvents <*>,"['1701457076904_0422', '000002_0', '0', '10000']"
528,2023-12-02,09:39:04,716,INFO,[IPC Server handler 27 on default port 39079] org.apache.hadoop.mapred.TaskAttemptListenerImpl,Progress of TaskAttempt attempt_1701457076904_0422_r_000002_0 is : 0.0,b53b8ef4,Progress of TaskAttempt <*> is : <*>.<*>,"['attempt_1701457076904_0422_r_000002_0', '0.0']"
529,2023-12-02,09:39:04,845,INFO,[DefaultSpeculator background processing] org.apache.hadoop.mapreduce.v2.app.speculate.DefaultSpeculator,DefaultSpeculator.addSpeculativeAttempt -- we are speculating task_1701457076904_0422_r_000002,b99d3386,DefaultSpeculator.addSpeculativeAttempt -- we are speculating task_<*>_<*>_r_<*>,"['1701457076904_0422', '000002']"
530,2023-12-02,09:39:04,845,INFO,[DefaultSpeculator background processing] org.apache.hadoop.mapreduce.v2.app.speculate.DefaultSpeculator,We launched 1 speculations.  Sleeping 15000 milliseconds.,71478d85,We launched <*> speculations. Sleeping <*> milliseconds.,"['1', '15000']"
531,2023-12-02,09:39:04,845,INFO,[AsyncDispatcher event handler] org.apache.hadoop.mapreduce.v2.app.job.impl.TaskImpl,Scheduling a redundant attempt for task task_1701457076904_0422_r_000002,b12e04de,Scheduling a redundant attempt for task task_<*>_<*>_r_<*>,"['1701457076904_0422', '000002']"
532,2023-12-02,09:39:04,845,INFO,[AsyncDispatcher event handler] org.apache.hadoop.mapreduce.v2.app.job.impl.TaskAttemptImpl,attempt_1701457076904_0422_r_000002_1 TaskAttempt Transitioned from NEW to UNASSIGNED,500abf63,attempt_<*>_<*>_r_<*>_<*> TaskAttempt Transitioned from <*> to <*>,"['1701457076904_0422', '000002_1', 'NEW', 'UNASSIGNED']"
533,2023-12-02,09:39:05,100,INFO,[RMCommunicator Allocator] org.apache.hadoop.mapreduce.v2.app.rm.RMContainerAllocator,Before Scheduling: PendingReds:1 ScheduledMaps:0 ScheduledReds:0 AssignedMaps:0 AssignedReds:3 CompletedMaps:10 CompletedReds:2 ContAlloc:15 ContRel:0 HostLocal:10 RackLocal:0,f3cfcdcd,Before Scheduling: PendingReds:<*> ScheduledMaps:<*> ScheduledReds:<*> AssignedMaps:<*> AssignedReds:<*> CompletedMaps:<*> CompletedReds:<*> ContAlloc:<*> ContRel:<*> HostLocal:<*> RackLocal:<*>,"['1', '0', '0', '0', '3', '10', '2', '15', '0', '10', '0']"
534,2023-12-02,09:39:05,101,INFO,[RMCommunicator Allocator] org.apache.hadoop.mapreduce.v2.app.rm.RMContainerAllocator,"Recalculating schedule, headroom=<memory:7168, vCores:20>",e856e146,"Recalculating schedule, headroom=<memory:<*>, vCores:<*>>","['7168', '20>']"
535,2023-12-02,09:39:05,101,INFO,[RMCommunicator Allocator] org.apache.hadoop.mapreduce.v2.app.rm.RMContainerAllocator,All maps assigned. Ramping up all remaining reduces:1,983af3ff,All maps assigned. Ramping up all remaining reduces:<*>,['1']
536,2023-12-02,09:39:05,101,INFO,[RMCommunicator Allocator] org.apache.hadoop.mapreduce.v2.app.rm.RMContainerAllocator,After Scheduling: PendingReds:0 ScheduledMaps:0 ScheduledReds:1 AssignedMaps:0 AssignedReds:3 CompletedMaps:10 CompletedReds:2 ContAlloc:15 ContRel:0 HostLocal:10 RackLocal:0,b1bdc9c9,After Scheduling: PendingReds:<*> ScheduledMaps:<*> ScheduledReds:<*> AssignedMaps:<*> AssignedReds:<*> CompletedMaps:<*> CompletedReds:<*> ContAlloc:<*> ContRel:<*> HostLocal:<*> RackLocal:<*>,"['0', '0', '1', '0', '3', '10', '2', '15', '0', '10', '0']"
537,2023-12-02,09:39:05,209,INFO,[IPC Server handler 8 on default port 39079] org.apache.hadoop.mapred.TaskAttemptListenerImpl,Commit-pending state update from attempt_1701457076904_0422_r_000002_0,cb2920ef,Commit-pending state update from attempt_<*>_<*>_r_<*>_<*>,"['1701457076904_0422', '000002_0']"
538,2023-12-02,09:39:05,209,INFO,[AsyncDispatcher event handler] org.apache.hadoop.mapreduce.v2.app.job.impl.TaskAttemptImpl,attempt_1701457076904_0422_r_000002_0 TaskAttempt Transitioned from RUNNING to COMMIT_PENDING,500abf63,attempt_<*>_<*>_r_<*>_<*> TaskAttempt Transitioned from <*> to <*>,"['1701457076904_0422', '000002_0', 'RUNNING', 'COMMIT_PENDING']"
539,2023-12-02,09:39:05,209,INFO,[AsyncDispatcher event handler] org.apache.hadoop.mapreduce.v2.app.job.impl.TaskImpl,attempt_1701457076904_0422_r_000002_0 given a go for committing the task output.,7fa51f52,attempt_<*>_<*>_r_<*>_<*> given a go for committing the task output.,"['1701457076904_0422', '000002_0']"
540,2023-12-02,09:39:05,210,INFO,[IPC Server handler 9 on default port 39079] org.apache.hadoop.mapred.TaskAttemptListenerImpl,Commit go/no-go request from attempt_1701457076904_0422_r_000002_0,1674f7e3,Commit go/no-go request from attempt_<*>_<*>_r_<*>_<*>,"['1701457076904_0422', '000002_0']"
541,2023-12-02,09:39:05,210,INFO,[IPC Server handler 9 on default port 39079] org.apache.hadoop.mapreduce.v2.app.job.impl.TaskImpl,Result of canCommit for attempt_1701457076904_0422_r_000002_0:true,bca3d632,Result of canCommit for attempt_<*>_<*>_r_<*>_<*>:true,"['1701457076904_0422', '000002_0']"
542,2023-12-02,09:39:05,349,INFO,[IPC Server handler 11 on default port 39079] org.apache.hadoop.mapred.TaskAttemptListenerImpl,Progress of TaskAttempt attempt_1701457076904_0422_r_000002_0 is : 1.0,b53b8ef4,Progress of TaskAttempt <*> is : <*>.<*>,"['attempt_1701457076904_0422_r_000002_0', '1.0']"
543,2023-12-02,09:39:05,351,INFO,[IPC Server handler 12 on default port 39079] org.apache.hadoop.mapred.TaskAttemptListenerImpl,Done acknowledgment from attempt_1701457076904_0422_r_000002_0,6995e31f,Done acknowledgment from <*>,['attempt_1701457076904_0422_r_000002_0']
544,2023-12-02,09:39:05,351,INFO,[AsyncDispatcher event handler] org.apache.hadoop.mapreduce.v2.app.job.impl.TaskAttemptImpl,attempt_1701457076904_0422_r_000002_0 TaskAttempt Transitioned from COMMIT_PENDING to SUCCESS_FINISHING_CONTAINER,500abf63,attempt_<*>_<*>_r_<*>_<*> TaskAttempt Transitioned from <*> to <*>,"['1701457076904_0422', '000002_0', 'COMMIT_PENDING', 'SUCCESS_FINISHING_CONTAINER']"
545,2023-12-02,09:39:05,351,INFO,[AsyncDispatcher event handler] org.apache.hadoop.mapreduce.v2.app.job.impl.TaskImpl,Task succeeded with attempt attempt_1701457076904_0422_r_000002_0,007ded00,Task succeeded with attempt <*>,['attempt_1701457076904_0422_r_000002_0']
546,2023-12-02,09:39:05,352,INFO,[AsyncDispatcher event handler] org.apache.hadoop.mapreduce.v2.app.job.impl.TaskImpl,Issuing kill to other attempt attempt_1701457076904_0422_r_000002_1,cbb6bed6,Issuing kill to other attempt attempt_<*>_<*>_r_<*>_<*>,"['1701457076904_0422', '000002_1']"
547,2023-12-02,09:39:05,353,INFO,[AsyncDispatcher event handler] org.apache.hadoop.mapreduce.v2.app.job.impl.TaskImpl,task_1701457076904_0422_r_000002 Task Transitioned from RUNNING to SUCCEEDED,a55d23fc,task_<*>_<*>_r_<*> Task Transitioned from <*> to <*>,"['1701457076904_0422', '000002', 'RUNNING', 'SUCCEEDED']"
548,2023-12-02,09:39:05,353,INFO,[AsyncDispatcher event handler] org.apache.hadoop.mapreduce.v2.app.job.impl.JobImpl,Num completed Tasks: 13,3a2741bf,Num completed Tasks: <*>,['13']
549,2023-12-02,09:39:05,356,INFO,[AsyncDispatcher event handler] org.apache.hadoop.mapreduce.v2.app.job.impl.TaskAttemptImpl,attempt_1701457076904_0422_r_000002_1 TaskAttempt Transitioned from UNASSIGNED to KILLED,500abf63,attempt_<*>_<*>_r_<*>_<*> TaskAttempt Transitioned from <*> to <*>,"['1701457076904_0422', '000002_1', 'UNASSIGNED', 'KILLED']"
550,2023-12-02,09:39:05,356,INFO,[Thread-65] org.apache.hadoop.mapreduce.v2.app.rm.RMContainerAllocator,Processing the event EventType: CONTAINER_DEALLOCATE,8825a75c,Processing the event EventType: <*>,['CONTAINER_DEALLOCATE']
551,2023-12-02,09:39:05,627,INFO,[IPC Server handler 19 on default port 39079] org.apache.hadoop.mapred.TaskAttemptListenerImpl,MapCompletionEvents request from attempt_1701457076904_0422_r_000004_0. startIndex 0 maxEvents 10000,f13d7a4d,MapCompletionEvents request from attempt_<*>_<*>_r_<*>_<*>. startIndex <*> maxEvents <*>,"['1701457076904_0422', '000004_0', '0', '10000']"
552,2023-12-02,09:39:05,673,INFO,[IPC Server handler 20 on default port 39079] org.apache.hadoop.mapred.TaskAttemptListenerImpl,Progress of TaskAttempt attempt_1701457076904_0422_r_000004_0 is : 0.0,b53b8ef4,Progress of TaskAttempt <*> is : <*>.<*>,"['attempt_1701457076904_0422_r_000004_0', '0.0']"
553,2023-12-02,09:39:05,818,INFO,[IPC Server handler 29 on default port 39079] org.apache.hadoop.mapred.TaskAttemptListenerImpl,MapCompletionEvents request from attempt_1701457076904_0422_r_000003_0. startIndex 0 maxEvents 10000,f13d7a4d,MapCompletionEvents request from attempt_<*>_<*>_r_<*>_<*>. startIndex <*> maxEvents <*>,"['1701457076904_0422', '000003_0', '0', '10000']"
554,2023-12-02,09:39:05,874,INFO,[IPC Server handler 0 on default port 39079] org.apache.hadoop.mapred.TaskAttemptListenerImpl,Progress of TaskAttempt attempt_1701457076904_0422_r_000003_0 is : 0.0,b53b8ef4,Progress of TaskAttempt <*> is : <*>.<*>,"['attempt_1701457076904_0422_r_000003_0', '0.0']"
555,2023-12-02,09:39:05,923,INFO,[IPC Server handler 4 on default port 39079] org.apache.hadoop.mapred.TaskAttemptListenerImpl,Commit-pending state update from attempt_1701457076904_0422_r_000004_0,cb2920ef,Commit-pending state update from attempt_<*>_<*>_r_<*>_<*>,"['1701457076904_0422', '000004_0']"
556,2023-12-02,09:39:05,924,INFO,[AsyncDispatcher event handler] org.apache.hadoop.mapreduce.v2.app.job.impl.TaskAttemptImpl,attempt_1701457076904_0422_r_000004_0 TaskAttempt Transitioned from RUNNING to COMMIT_PENDING,500abf63,attempt_<*>_<*>_r_<*>_<*> TaskAttempt Transitioned from <*> to <*>,"['1701457076904_0422', '000004_0', 'RUNNING', 'COMMIT_PENDING']"
557,2023-12-02,09:39:05,924,INFO,[AsyncDispatcher event handler] org.apache.hadoop.mapreduce.v2.app.job.impl.TaskImpl,attempt_1701457076904_0422_r_000004_0 given a go for committing the task output.,7fa51f52,attempt_<*>_<*>_r_<*>_<*> given a go for committing the task output.,"['1701457076904_0422', '000004_0']"
558,2023-12-02,09:39:05,925,INFO,[IPC Server handler 5 on default port 39079] org.apache.hadoop.mapred.TaskAttemptListenerImpl,Commit go/no-go request from attempt_1701457076904_0422_r_000004_0,1674f7e3,Commit go/no-go request from attempt_<*>_<*>_r_<*>_<*>,"['1701457076904_0422', '000004_0']"
559,2023-12-02,09:39:05,925,INFO,[IPC Server handler 5 on default port 39079] org.apache.hadoop.mapreduce.v2.app.job.impl.TaskImpl,Result of canCommit for attempt_1701457076904_0422_r_000004_0:true,bca3d632,Result of canCommit for attempt_<*>_<*>_r_<*>_<*>:true,"['1701457076904_0422', '000004_0']"
560,2023-12-02,09:39:05,954,INFO,[IPC Server handler 6 on default port 39079] org.apache.hadoop.mapred.TaskAttemptListenerImpl,Progress of TaskAttempt attempt_1701457076904_0422_r_000004_0 is : 1.0,b53b8ef4,Progress of TaskAttempt <*> is : <*>.<*>,"['attempt_1701457076904_0422_r_000004_0', '1.0']"
561,2023-12-02,09:39:05,956,INFO,[IPC Server handler 7 on default port 39079] org.apache.hadoop.mapred.TaskAttemptListenerImpl,Done acknowledgment from attempt_1701457076904_0422_r_000004_0,6995e31f,Done acknowledgment from <*>,['attempt_1701457076904_0422_r_000004_0']
562,2023-12-02,09:39:05,956,INFO,[AsyncDispatcher event handler] org.apache.hadoop.mapreduce.v2.app.job.impl.TaskAttemptImpl,attempt_1701457076904_0422_r_000004_0 TaskAttempt Transitioned from COMMIT_PENDING to SUCCESS_FINISHING_CONTAINER,500abf63,attempt_<*>_<*>_r_<*>_<*> TaskAttempt Transitioned from <*> to <*>,"['1701457076904_0422', '000004_0', 'COMMIT_PENDING', 'SUCCESS_FINISHING_CONTAINER']"
563,2023-12-02,09:39:05,957,INFO,[AsyncDispatcher event handler] org.apache.hadoop.mapreduce.v2.app.job.impl.TaskImpl,Task succeeded with attempt attempt_1701457076904_0422_r_000004_0,007ded00,Task succeeded with attempt <*>,['attempt_1701457076904_0422_r_000004_0']
564,2023-12-02,09:39:05,957,INFO,[AsyncDispatcher event handler] org.apache.hadoop.mapreduce.v2.app.job.impl.TaskImpl,task_1701457076904_0422_r_000004 Task Transitioned from RUNNING to SUCCEEDED,a55d23fc,task_<*>_<*>_r_<*> Task Transitioned from <*> to <*>,"['1701457076904_0422', '000004', 'RUNNING', 'SUCCEEDED']"
565,2023-12-02,09:39:05,957,INFO,[AsyncDispatcher event handler] org.apache.hadoop.mapreduce.v2.app.job.impl.JobImpl,Num completed Tasks: 14,3a2741bf,Num completed Tasks: <*>,['14']
566,2023-12-02,09:39:06,101,INFO,[RMCommunicator Allocator] org.apache.hadoop.mapreduce.v2.app.rm.RMContainerAllocator,Before Scheduling: PendingReds:0 ScheduledMaps:0 ScheduledReds:0 AssignedMaps:0 AssignedReds:3 CompletedMaps:10 CompletedReds:4 ContAlloc:15 ContRel:0 HostLocal:10 RackLocal:0,f3cfcdcd,Before Scheduling: PendingReds:<*> ScheduledMaps:<*> ScheduledReds:<*> AssignedMaps:<*> AssignedReds:<*> CompletedMaps:<*> CompletedReds:<*> ContAlloc:<*> ContRel:<*> HostLocal:<*> RackLocal:<*>,"['0', '0', '0', '0', '3', '10', '4', '15', '0', '10', '0']"
567,2023-12-02,09:39:06,103,INFO,[RMCommunicator Allocator] org.apache.hadoop.mapreduce.v2.app.rm.RMContainerRequestor,"getResources() for application_1701457076904_0422: ask=1 release= 0 newContainers=0 finishedContainers=1 resourcelimit=<memory:12288, vCores:21> knownNMs=3",6d3d97fc,"getResources() for application_<*>_<*>: ask=<*> release= <*> newContainers=<*> finishedContainers=<*> resourcelimit=<memory:<*>, vCores:<*>> knownNMs=<*>","['1701457076904_0422', '1', '0', '0', '1', '12288', '21>', '3']"
568,2023-12-02,09:39:06,103,INFO,[RMCommunicator Allocator] org.apache.hadoop.mapreduce.v2.app.rm.RMContainerAllocator,Received completed container container_1701457076904_0422_01_000017,279694a4,Received completed container container_<*>_<*>_<*>_<*>,"['1701457076904', '0422_01_000017']"
569,2023-12-02,09:39:06,104,INFO,[RMCommunicator Allocator] org.apache.hadoop.mapreduce.v2.app.rm.RMContainerAllocator,After Scheduling: PendingReds:0 ScheduledMaps:0 ScheduledReds:0 AssignedMaps:0 AssignedReds:2 CompletedMaps:10 CompletedReds:4 ContAlloc:15 ContRel:0 HostLocal:10 RackLocal:0,b1bdc9c9,After Scheduling: PendingReds:<*> ScheduledMaps:<*> ScheduledReds:<*> AssignedMaps:<*> AssignedReds:<*> CompletedMaps:<*> CompletedReds:<*> ContAlloc:<*> ContRel:<*> HostLocal:<*> RackLocal:<*>,"['0', '0', '0', '0', '2', '10', '4', '15', '0', '10', '0']"
570,2023-12-02,09:39:06,104,INFO,[AsyncDispatcher event handler] org.apache.hadoop.mapreduce.v2.app.job.impl.TaskAttemptImpl,Diagnostics report from attempt_1701457076904_0422_r_000002_0:,f7558028,Diagnostics report from <*>,['attempt_1701457076904_0422_r_000002_0:']
571,2023-12-02,09:39:06,104,INFO,[AsyncDispatcher event handler] org.apache.hadoop.mapreduce.v2.app.job.impl.TaskAttemptImpl,attempt_1701457076904_0422_r_000002_0 TaskAttempt Transitioned from SUCCESS_FINISHING_CONTAINER to SUCCEEDED,500abf63,attempt_<*>_<*>_r_<*>_<*> TaskAttempt Transitioned from <*> to <*>,"['1701457076904_0422', '000002_0', 'SUCCESS_FINISHING_CONTAINER', 'SUCCEEDED']"
572,2023-12-02,09:39:06,104,INFO,[ContainerLauncher #7] org.apache.hadoop.mapreduce.v2.app.launcher.ContainerLauncherImpl,Processing the event EventType: CONTAINER_COMPLETED for container container_1701457076904_0422_01_000017 taskAttempt attempt_1701457076904_0422_r_000002_0,36fc78d1,Processing the event EventType: <*> for container container_<*>_<*>_<*>_<*> taskAttempt <*>,"['CONTAINER_COMPLETED', '1701457076904', '0422_01_000017', 'attempt_1701457076904_0422_r_000002_0']"
573,2023-12-02,09:39:06,164,INFO,[IPC Server handler 8 on default port 39079] org.apache.hadoop.mapred.TaskAttemptListenerImpl,Commit-pending state update from attempt_1701457076904_0422_r_000003_0,cb2920ef,Commit-pending state update from attempt_<*>_<*>_r_<*>_<*>,"['1701457076904_0422', '000003_0']"
574,2023-12-02,09:39:06,164,INFO,[AsyncDispatcher event handler] org.apache.hadoop.mapreduce.v2.app.job.impl.TaskAttemptImpl,attempt_1701457076904_0422_r_000003_0 TaskAttempt Transitioned from RUNNING to COMMIT_PENDING,500abf63,attempt_<*>_<*>_r_<*>_<*> TaskAttempt Transitioned from <*> to <*>,"['1701457076904_0422', '000003_0', 'RUNNING', 'COMMIT_PENDING']"
575,2023-12-02,09:39:06,164,INFO,[AsyncDispatcher event handler] org.apache.hadoop.mapreduce.v2.app.job.impl.TaskImpl,attempt_1701457076904_0422_r_000003_0 given a go for committing the task output.,7fa51f52,attempt_<*>_<*>_r_<*>_<*> given a go for committing the task output.,"['1701457076904_0422', '000003_0']"
576,2023-12-02,09:39:06,165,INFO,[IPC Server handler 9 on default port 39079] org.apache.hadoop.mapred.TaskAttemptListenerImpl,Commit go/no-go request from attempt_1701457076904_0422_r_000003_0,1674f7e3,Commit go/no-go request from attempt_<*>_<*>_r_<*>_<*>,"['1701457076904_0422', '000003_0']"
577,2023-12-02,09:39:06,166,INFO,[IPC Server handler 9 on default port 39079] org.apache.hadoop.mapreduce.v2.app.job.impl.TaskImpl,Result of canCommit for attempt_1701457076904_0422_r_000003_0:true,bca3d632,Result of canCommit for attempt_<*>_<*>_r_<*>_<*>:true,"['1701457076904_0422', '000003_0']"
578,2023-12-02,09:39:06,191,INFO,[IPC Server handler 11 on default port 39079] org.apache.hadoop.mapred.TaskAttemptListenerImpl,Progress of TaskAttempt attempt_1701457076904_0422_r_000003_0 is : 1.0,b53b8ef4,Progress of TaskAttempt <*> is : <*>.<*>,"['attempt_1701457076904_0422_r_000003_0', '1.0']"
579,2023-12-02,09:39:06,194,INFO,[IPC Server handler 12 on default port 39079] org.apache.hadoop.mapred.TaskAttemptListenerImpl,Done acknowledgment from attempt_1701457076904_0422_r_000003_0,6995e31f,Done acknowledgment from <*>,['attempt_1701457076904_0422_r_000003_0']
580,2023-12-02,09:39:06,194,INFO,[AsyncDispatcher event handler] org.apache.hadoop.mapreduce.v2.app.job.impl.TaskAttemptImpl,attempt_1701457076904_0422_r_000003_0 TaskAttempt Transitioned from COMMIT_PENDING to SUCCESS_FINISHING_CONTAINER,500abf63,attempt_<*>_<*>_r_<*>_<*> TaskAttempt Transitioned from <*> to <*>,"['1701457076904_0422', '000003_0', 'COMMIT_PENDING', 'SUCCESS_FINISHING_CONTAINER']"
581,2023-12-02,09:39:06,195,INFO,[AsyncDispatcher event handler] org.apache.hadoop.mapreduce.v2.app.job.impl.TaskImpl,Task succeeded with attempt attempt_1701457076904_0422_r_000003_0,007ded00,Task succeeded with attempt <*>,['attempt_1701457076904_0422_r_000003_0']
582,2023-12-02,09:39:06,195,INFO,[AsyncDispatcher event handler] org.apache.hadoop.mapreduce.v2.app.job.impl.TaskImpl,task_1701457076904_0422_r_000003 Task Transitioned from RUNNING to SUCCEEDED,a55d23fc,task_<*>_<*>_r_<*> Task Transitioned from <*> to <*>,"['1701457076904_0422', '000003', 'RUNNING', 'SUCCEEDED']"
583,2023-12-02,09:39:06,195,INFO,[AsyncDispatcher event handler] org.apache.hadoop.mapreduce.v2.app.job.impl.JobImpl,Num completed Tasks: 15,3a2741bf,Num completed Tasks: <*>,['15']
584,2023-12-02,09:39:06,199,INFO,[AsyncDispatcher event handler] org.apache.hadoop.mapreduce.v2.app.job.impl.JobImpl,job_1701457076904_0422Job Transitioned from RUNNING to COMMITTING,88488c77,job_<*>_0422Job Transitioned from <*> to <*>,"['1701457076904', 'RUNNING', 'COMMITTING']"
585,2023-12-02,09:39:06,200,INFO,[CommitterEvent Processor #1] org.apache.hadoop.mapreduce.v2.app.commit.CommitterEventHandler,Processing the event EventType: JOB_COMMIT,8825a75c,Processing the event EventType: <*>,['JOB_COMMIT']
586,2023-12-02,09:39:06,216,INFO,[AsyncDispatcher event handler] org.apache.hadoop.mapreduce.v2.app.job.impl.JobImpl,Calling handler for JobFinishedEvent,81e00d20,Calling handler for JobFinishedEvent,[]
587,2023-12-02,09:39:06,217,INFO,[AsyncDispatcher event handler] org.apache.hadoop.mapreduce.v2.app.job.impl.JobImpl,job_1701457076904_0422Job Transitioned from COMMITTING to SUCCEEDED,88488c77,job_<*>_0422Job Transitioned from <*> to <*>,"['1701457076904', 'COMMITTING', 'SUCCEEDED']"
588,2023-12-02,09:39:06,218,INFO,[Thread-94] org.apache.hadoop.mapreduce.v2.app.MRAppMaster,"Job finished cleanly, recording last MRAppMaster retry",ad1a35c9,"Job finished cleanly, recording last MRAppMaster retry",[]
589,2023-12-02,09:39:06,218,INFO,[Thread-94] org.apache.hadoop.mapreduce.v2.app.MRAppMaster,Notify RMCommunicator isAMLastRetry: true,5735d762,Notify <*> isAMLastRetry: true,['RMCommunicator']
590,2023-12-02,09:39:06,218,INFO,[Thread-94] org.apache.hadoop.mapreduce.v2.app.rm.RMCommunicator,RMCommunicator notified that shouldUnregistered is: true,b2ea851d,RMCommunicator notified that shouldUnregistered is: true,[]
591,2023-12-02,09:39:06,218,INFO,[Thread-94] org.apache.hadoop.mapreduce.v2.app.MRAppMaster,Notify JHEH isAMLastRetry: true,5735d762,Notify <*> isAMLastRetry: true,['JHEH']
592,2023-12-02,09:39:06,218,INFO,[Thread-94] org.apache.hadoop.mapreduce.jobhistory.JobHistoryEventHandler,JobHistoryEventHandler notified that forceJobCompletion is true,b288d94f,JobHistoryEventHandler notified that forceJobCompletion is true,[]
593,2023-12-02,09:39:06,218,INFO,[Thread-94] org.apache.hadoop.mapreduce.v2.app.MRAppMaster,Calling stop for all the services,2784eb31,Calling stop for all the services,[]
594,2023-12-02,09:39:06,219,INFO,[Thread-94] org.apache.hadoop.mapreduce.jobhistory.JobHistoryEventHandler,Stopping JobHistoryEventHandler. Size of the outstanding queue size is 0,c02382a8,Stopping JobHistoryEventHandler. Size of the outstanding queue size is <*>,['0']
595,2023-12-02,09:39:06,255,INFO,[eventHandlingThread] org.apache.hadoop.mapreduce.jobhistory.JobHistoryEventHandler,Copying hdfs://2f08f873c798:9000/tmp/hadoop-yarn/staging/root/.staging/job_1701457076904_0422/job_1701457076904_0422_1.jhist to hdfs://2f08f873c798:9000/tmp/hadoop-yarn/staging/history/done_intermediate/root/job_1701457076904_0422-1701481112343-root-sorter-1701481146214-10-5-SUCCEEDED-default-1701481119979.jhist_tmp,c1adc692,Copying <*> to <*>,"['hdfs://2f08f873c798:9000/tmp/hadoop-yarn/staging/root/.staging/job_1701457076904_0422/job_1701457076904_0422_1.jhist', 'hdfs://2f08f873c798:9000/tmp/hadoop-yarn/staging/history/done_intermediate/root/job_1701457076904_0422-1701481112343-root-sorter-1701481146214-10-5-SUCCEEDED-default-1701481119979.jhist_tmp']"
596,2023-12-02,09:39:06,281,INFO,[eventHandlingThread] org.apache.hadoop.mapreduce.jobhistory.JobHistoryEventHandler,Copied from: hdfs://2f08f873c798:9000/tmp/hadoop-yarn/staging/root/.staging/job_1701457076904_0422/job_1701457076904_0422_1.jhist to done location: hdfs://2f08f873c798:9000/tmp/hadoop-yarn/staging/history/done_intermediate/root/job_1701457076904_0422-1701481112343-root-sorter-1701481146214-10-5-SUCCEEDED-default-1701481119979.jhist_tmp,cf0a887f,Copied from: <*> to done location: <*>,"['hdfs://2f08f873c798:9000/tmp/hadoop-yarn/staging/root/.staging/job_1701457076904_0422/job_1701457076904_0422_1.jhist', 'hdfs://2f08f873c798:9000/tmp/hadoop-yarn/staging/history/done_intermediate/root/job_1701457076904_0422-1701481112343-root-sorter-1701481146214-10-5-SUCCEEDED-default-1701481119979.jhist_tmp']"
597,2023-12-02,09:39:06,281,INFO,[eventHandlingThread] org.apache.hadoop.mapreduce.jobhistory.JobHistoryEventHandler,Set historyUrl to http://2f08f873c798:19888/jobhistory/job/job_1701457076904_0422,51ab90db,Set historyUrl to http://2f08f873c798:<*>/jobhistory/job/job_<*>_<*>,"['19888', '1701457076904_0422']"
598,2023-12-02,09:39:06,282,INFO,[eventHandlingThread] org.apache.hadoop.mapreduce.jobhistory.JobHistoryEventHandler,Copying hdfs://2f08f873c798:9000/tmp/hadoop-yarn/staging/root/.staging/job_1701457076904_0422/job_1701457076904_0422_1_conf.xml to hdfs://2f08f873c798:9000/tmp/hadoop-yarn/staging/history/done_intermediate/root/job_1701457076904_0422_conf.xml_tmp,c1adc692,Copying <*> to <*>,"['hdfs://2f08f873c798:9000/tmp/hadoop-yarn/staging/root/.staging/job_1701457076904_0422/job_1701457076904_0422_1_conf.xml', 'hdfs://2f08f873c798:9000/tmp/hadoop-yarn/staging/history/done_intermediate/root/job_1701457076904_0422_conf.xml_tmp']"
599,2023-12-02,09:39:06,296,INFO,[eventHandlingThread] org.apache.hadoop.mapreduce.jobhistory.JobHistoryEventHandler,Copied from: hdfs://2f08f873c798:9000/tmp/hadoop-yarn/staging/root/.staging/job_1701457076904_0422/job_1701457076904_0422_1_conf.xml to done location: hdfs://2f08f873c798:9000/tmp/hadoop-yarn/staging/history/done_intermediate/root/job_1701457076904_0422_conf.xml_tmp,cf0a887f,Copied from: <*> to done location: <*>,"['hdfs://2f08f873c798:9000/tmp/hadoop-yarn/staging/root/.staging/job_1701457076904_0422/job_1701457076904_0422_1_conf.xml', 'hdfs://2f08f873c798:9000/tmp/hadoop-yarn/staging/history/done_intermediate/root/job_1701457076904_0422_conf.xml_tmp']"
600,2023-12-02,09:39:06,300,INFO,[eventHandlingThread] org.apache.hadoop.mapreduce.jobhistory.JobHistoryEventHandler,Moved tmp to done: hdfs://2f08f873c798:9000/tmp/hadoop-yarn/staging/history/done_intermediate/root/job_1701457076904_0422.summary_tmp to hdfs://2f08f873c798:9000/tmp/hadoop-yarn/staging/history/done_intermediate/root/job_1701457076904_0422.summary,cced3af1,Moved tmp to done: <*> to <*>,"['hdfs://2f08f873c798:9000/tmp/hadoop-yarn/staging/history/done_intermediate/root/job_1701457076904_0422.summary_tmp', 'hdfs://2f08f873c798:9000/tmp/hadoop-yarn/staging/history/done_intermediate/root/job_1701457076904_0422.summary']"
601,2023-12-02,09:39:06,301,INFO,[eventHandlingThread] org.apache.hadoop.mapreduce.jobhistory.JobHistoryEventHandler,Moved tmp to done: hdfs://2f08f873c798:9000/tmp/hadoop-yarn/staging/history/done_intermediate/root/job_1701457076904_0422_conf.xml_tmp to hdfs://2f08f873c798:9000/tmp/hadoop-yarn/staging/history/done_intermediate/root/job_1701457076904_0422_conf.xml,cced3af1,Moved tmp to done: <*> to <*>,"['hdfs://2f08f873c798:9000/tmp/hadoop-yarn/staging/history/done_intermediate/root/job_1701457076904_0422_conf.xml_tmp', 'hdfs://2f08f873c798:9000/tmp/hadoop-yarn/staging/history/done_intermediate/root/job_1701457076904_0422_conf.xml']"
602,2023-12-02,09:39:06,302,INFO,[eventHandlingThread] org.apache.hadoop.mapreduce.jobhistory.JobHistoryEventHandler,Moved tmp to done: hdfs://2f08f873c798:9000/tmp/hadoop-yarn/staging/history/done_intermediate/root/job_1701457076904_0422-1701481112343-root-sorter-1701481146214-10-5-SUCCEEDED-default-1701481119979.jhist_tmp to hdfs://2f08f873c798:9000/tmp/hadoop-yarn/staging/history/done_intermediate/root/job_1701457076904_0422-1701481112343-root-sorter-1701481146214-10-5-SUCCEEDED-default-1701481119979.jhist,cced3af1,Moved tmp to done: <*> to <*>,"['hdfs://2f08f873c798:9000/tmp/hadoop-yarn/staging/history/done_intermediate/root/job_1701457076904_0422-1701481112343-root-sorter-1701481146214-10-5-SUCCEEDED-default-1701481119979.jhist_tmp', 'hdfs://2f08f873c798:9000/tmp/hadoop-yarn/staging/history/done_intermediate/root/job_1701457076904_0422-1701481112343-root-sorter-1701481146214-10-5-SUCCEEDED-default-1701481119979.jhist']"
603,2023-12-02,09:39:06,303,INFO,[Thread-94] org.apache.hadoop.mapreduce.jobhistory.JobHistoryEventHandler,Stopped JobHistoryEventHandler. super.stop(),6de59625,Stopped JobHistoryEventHandler. super.stop(),[]
604,2023-12-02,09:39:06,304,INFO,[Thread-94] org.apache.hadoop.mapreduce.v2.app.launcher.ContainerLauncherImpl,KILLING attempt_1701457076904_0422_r_000004_0,c0ef3cfb,KILLING attempt_<*>_<*>_r_<*>_<*>,"['1701457076904_0422', '000004_0']"
605,2023-12-02,09:39:06,318,INFO,[Thread-94] org.apache.hadoop.mapreduce.v2.app.launcher.ContainerLauncherImpl,KILLING attempt_1701457076904_0422_r_000003_0,c0ef3cfb,KILLING attempt_<*>_<*>_r_<*>_<*>,"['1701457076904_0422', '000003_0']"
606,2023-12-02,09:39:06,319,INFO,[AsyncDispatcher event handler] org.apache.hadoop.mapreduce.v2.app.job.impl.TaskAttemptImpl,attempt_1701457076904_0422_r_000004_0 TaskAttempt Transitioned from SUCCESS_FINISHING_CONTAINER to SUCCEEDED,500abf63,attempt_<*>_<*>_r_<*>_<*> TaskAttempt Transitioned from <*> to <*>,"['1701457076904_0422', '000004_0', 'SUCCESS_FINISHING_CONTAINER', 'SUCCEEDED']"
607,2023-12-02,09:39:06,342,INFO,[AsyncDispatcher event handler] org.apache.hadoop.mapreduce.v2.app.job.impl.TaskAttemptImpl,attempt_1701457076904_0422_r_000003_0 TaskAttempt Transitioned from SUCCESS_FINISHING_CONTAINER to SUCCEEDED,500abf63,attempt_<*>_<*>_r_<*>_<*> TaskAttempt Transitioned from <*> to <*>,"['1701457076904_0422', '000003_0', 'SUCCESS_FINISHING_CONTAINER', 'SUCCEEDED']"
608,2023-12-02,09:39:06,345,INFO,[Thread-94] org.apache.hadoop.mapreduce.v2.app.rm.RMCommunicator,Setting job diagnostics to,9ae352d7,Setting job diagnostics to,[]
609,2023-12-02,09:39:06,345,INFO,[Thread-94] org.apache.hadoop.mapreduce.v2.app.rm.RMCommunicator,History url is http://2f08f873c798:19888/jobhistory/job/job_1701457076904_0422,8d0598d3,History url is http://2f08f873c798:<*>/jobhistory/job/job_<*>_<*>,"['19888', '1701457076904_0422']"
610,2023-12-02,09:39:06,351,INFO,[Thread-94] org.apache.hadoop.mapreduce.v2.app.rm.RMCommunicator,Waiting for application to be successfully unregistered.,fd178178,Waiting for application to be successfully unregistered.,[]
611,2023-12-02,09:39:07,352,INFO,[Thread-94] org.apache.hadoop.mapreduce.v2.app.rm.RMContainerAllocator,Final Stats: PendingReds:0 ScheduledMaps:0 ScheduledReds:0 AssignedMaps:0 AssignedReds:2 CompletedMaps:10 CompletedReds:4 ContAlloc:15 ContRel:0 HostLocal:10 RackLocal:0,f88b4e72,Final Stats: PendingReds:<*> ScheduledMaps:<*> ScheduledReds:<*> AssignedMaps:<*> AssignedReds:<*> CompletedMaps:<*> CompletedReds:<*> ContAlloc:<*> ContRel:<*> HostLocal:<*> RackLocal:<*>,"['0', '0', '0', '0', '2', '10', '4', '15', '0', '10', '0']"
612,2023-12-02,09:39:07,354,INFO,[Thread-94] org.apache.hadoop.mapreduce.v2.app.MRAppMaster,Deleting staging directory hdfs://2f08f873c798:9000 /tmp/hadoop-yarn/staging/root/.staging/job_1701457076904_0422,3b7f8573,Deleting staging directory hdfs://2f08f873c798:<*> /tmp/hadoop-yarn/staging/root/.staging/job_<*>_<*>,"['9000', '1701457076904_0422']"
613,2023-12-02,09:39:07,356,INFO,[Thread-94] org.apache.hadoop.ipc.Server,Stopping server on 39079,fa5d86c2,Stopping server on <*>,['39079']
614,2023-12-02,09:39:07,359,INFO,[IPC Server listener on 0] org.apache.hadoop.ipc.Server,Stopping IPC Server listener on 0,da6217eb,Stopping IPC Server listener on <*>,['0']
615,2023-12-02,09:39:07,359,INFO,[IPC Server Responder] org.apache.hadoop.ipc.Server,Stopping IPC Server Responder,8429e6cc,Stopping IPC Server Responder,[]
616,2023-12-02,09:39:07,361,INFO,[TaskHeartbeatHandler PingChecker] org.apache.hadoop.mapreduce.v2.app.TaskHeartbeatHandler,TaskHeartbeatHandler thread interrupted,f495a4dd,TaskHeartbeatHandler thread interrupted,[]
617,2023-12-02,09:39:07,362,INFO,[Ping Checker for TaskAttemptFinishingMonitor] org.apache.hadoop.yarn.util.AbstractLivelinessMonitor,TaskAttemptFinishingMonitor thread interrupted,4594e7ea,TaskAttemptFinishingMonitor thread interrupted,[]
618,2023-12-02,09:39:12,363,INFO,[Thread-94] org.apache.hadoop.ipc.Server,Stopping server on 37221,fa5d86c2,Stopping server on <*>,['37221']
619,2023-12-02,09:39:12,364,INFO,[IPC Server listener on 0] org.apache.hadoop.ipc.Server,Stopping IPC Server listener on 0,da6217eb,Stopping IPC Server listener on <*>,['0']
620,2023-12-02,09:39:12,364,INFO,[IPC Server Responder] org.apache.hadoop.ipc.Server,Stopping IPC Server Responder,8429e6cc,Stopping IPC Server Responder,[]
621,2023-12-02,09:39:12,370,INFO,[Thread-94] org.eclipse.jetty.server.handler.ContextHandler,"Stopped o.e.j.w.WebAppContext@7cdc4070{mapreduce,/,null,STOPPED}{jar:file:/usr/local/revisedJQF/v8/hadoop-3.3.6/share/hadoop/yarn/hadoop-yarn-common-3.3.6.jar!/webapps/mapreduce}",38c92929,Stopped <*>,"['o.e.j.w.WebAppContext@7cdc4070{mapreduce,/,null,STOPPED}{jar:file:/usr/local/revisedJQF/v8/hadoop-3.3.6/share/hadoop/yarn/hadoop-yarn-common-3.3.6.jar!/webapps/mapreduce}']"
622,2023-12-02,09:39:12,375,INFO,[Thread-94] org.eclipse.jetty.server.AbstractConnector,"Stopped ServerConnector@6c8f60f3{HTTP/1.1, (http/1.1)}{0.0.0.0:0}",5f7e9b71,"Stopped ServerConnector@6c8f60f3{HTTP/<*>.<*>, (http/<*>.<*>)}{<*>}","['1.1', '1.1', '0.0.0.0:0']"
623,2023-12-02,09:39:12,376,INFO,[Thread-94] org.eclipse.jetty.server.session,node0 Stopped scavenging,76d635f9,node0 Stopped scavenging,[]
624,2023-12-02,09:39:12,376,INFO,[Thread-94] org.eclipse.jetty.server.handler.ContextHandler,"Stopped o.e.j.s.ServletContextHandler@2703d91{static,/static,jar:file:/usr/local/revisedJQF/v8/hadoop-3.3.6/share/hadoop/yarn/hadoop-yarn-common-3.3.6.jar!/webapps/static,STOPPED}",38c92929,Stopped <*>,"['o.e.j.s.ServletContextHandler@2703d91{static,/static,jar:file:/usr/local/revisedJQF/v8/hadoop-3.3.6/share/hadoop/yarn/hadoop-yarn-common-3.3.6.jar!/webapps/static,STOPPED}']"
