LineId,Date,Time,Pid,Level,Component,Content,EventId,EventTemplate,ParameterList
1,2023-11-30,12:26:59,622,INFO,[main] org.apache.hadoop.mapreduce.v2.app.MRAppMaster,Created MRAppMaster for application appattempt_1701312551309_0121_000001,19b75bb3,Created MRAppMaster for application appattempt_<*>_<*>_<*>,"['1701312551309', '0121_000001']"
2,2023-11-30,12:26:59,762,INFO,[main] org.apache.hadoop.security.SecurityUtil,Updating Configuration,b6c60981,Updating Configuration,[]
3,2023-11-30,12:26:59,864,INFO,[main] org.apache.hadoop.mapreduce.v2.app.MRAppMaster,"Executing with tokens: [Kind: YARN_AM_RM_TOKEN, Service: , Ident: (appAttemptId { application_id { id: 121 cluster_timestamp: 1701312551309 } attemptId: 1 } keyId: -2063349378)]",0cd5c477,"Executing with tokens: [Kind: YARN_AM_RM_TOKEN, Service: , Ident: (appAttemptId { application_id { id: <*> cluster_timestamp: <*> } attemptId: <*> } keyId: <*>)]","['121', '1701312551309', '1', '-2063349378']"
4,2023-11-30,12:26:59,895,INFO,[main] org.apache.hadoop.conf.Configuration,resource-types.xml not found,70f56aad,resource-types.xml not found,[]
5,2023-11-30,12:26:59,895,INFO,[main] org.apache.hadoop.yarn.util.resource.ResourceUtils,Unable to find 'resource-types.xml'.,860c743d,Unable to find 'resource-types.xml'.,[]
6,2023-11-30,12:26:59,905,INFO,[main] org.apache.hadoop.mapreduce.v2.app.MRAppMaster,Using mapred newApiCommitter.,0594ecc2,Using mapred newApiCommitter.,[]
7,2023-11-30,12:26:59,906,INFO,[main] org.apache.hadoop.mapreduce.v2.app.MRAppMaster,OutputCommitter set in config null,c0c8618d,OutputCommitter set in config null,[]
8,2023-11-30,12:26:59,935,INFO,[main] org.apache.hadoop.mapreduce.lib.output.PathOutputCommitterFactory,"No output committer factory defined, defaulting to FileOutputCommitterFactory",9c2ab4d0,"No output committer factory defined, defaulting to FileOutputCommitterFactory",[]
9,2023-11-30,12:26:59,936,INFO,[main] org.apache.hadoop.mapreduce.lib.output.FileOutputCommitter,File Output Committer Algorithm version is 2,24f60e3d,File Output Committer Algorithm version is <*>,['2']
10,2023-11-30,12:26:59,936,INFO,[main] org.apache.hadoop.mapreduce.lib.output.FileOutputCommitter,"FileOutputCommitter skip cleanup _temporary folders under output directory:false, ignore cleanup failures: false",d1f83c9a,"FileOutputCommitter skip cleanup _temporary folders under output directory:false, ignore cleanup failures: false",[]
11,2023-11-30,12:27:00,309,INFO,[main] org.apache.hadoop.mapreduce.v2.app.MRAppMaster,OutputCommitter is org.apache.hadoop.mapreduce.lib.output.FileOutputCommitter,d79644a2,OutputCommitter is org.apache.hadoop.mapreduce.lib.output.FileOutputCommitter,[]
12,2023-11-30,12:27:00,430,INFO,[main] org.apache.hadoop.yarn.event.AsyncDispatcher,Registering class org.apache.hadoop.mapreduce.jobhistory.EventType for class org.apache.hadoop.mapreduce.jobhistory.JobHistoryEventHandler,3a2b3aef,Registering class <*> for class <*>,"['org.apache.hadoop.mapreduce.jobhistory.EventType', 'org.apache.hadoop.mapreduce.jobhistory.JobHistoryEventHandler']"
13,2023-11-30,12:27:00,431,INFO,[main] org.apache.hadoop.yarn.event.AsyncDispatcher,Registering class org.apache.hadoop.mapreduce.v2.app.job.event.JobEventType for class org.apache.hadoop.mapreduce.v2.app.MRAppMaster$JobEventDispatcher,3a2b3aef,Registering class <*> for class <*>,"['org.apache.hadoop.mapreduce.v2.app.job.event.JobEventType', 'org.apache.hadoop.mapreduce.v2.app.MRAppMaster$JobEventDispatcher']"
14,2023-11-30,12:27:00,431,INFO,[main] org.apache.hadoop.yarn.event.AsyncDispatcher,Registering class org.apache.hadoop.mapreduce.v2.app.job.event.TaskEventType for class org.apache.hadoop.mapreduce.v2.app.MRAppMaster$TaskEventDispatcher,3a2b3aef,Registering class <*> for class <*>,"['org.apache.hadoop.mapreduce.v2.app.job.event.TaskEventType', 'org.apache.hadoop.mapreduce.v2.app.MRAppMaster$TaskEventDispatcher']"
15,2023-11-30,12:27:00,432,INFO,[main] org.apache.hadoop.yarn.event.AsyncDispatcher,Registering class org.apache.hadoop.mapreduce.v2.app.job.event.TaskAttemptEventType for class org.apache.hadoop.mapreduce.v2.app.MRAppMaster$TaskAttemptEventDispatcher,3a2b3aef,Registering class <*> for class <*>,"['org.apache.hadoop.mapreduce.v2.app.job.event.TaskAttemptEventType', 'org.apache.hadoop.mapreduce.v2.app.MRAppMaster$TaskAttemptEventDispatcher']"
16,2023-11-30,12:27:00,432,INFO,[main] org.apache.hadoop.yarn.event.AsyncDispatcher,Registering class org.apache.hadoop.mapreduce.v2.app.commit.CommitterEventType for class org.apache.hadoop.mapreduce.v2.app.commit.CommitterEventHandler,3a2b3aef,Registering class <*> for class <*>,"['org.apache.hadoop.mapreduce.v2.app.commit.CommitterEventType', 'org.apache.hadoop.mapreduce.v2.app.commit.CommitterEventHandler']"
17,2023-11-30,12:27:00,436,INFO,[main] org.apache.hadoop.yarn.event.AsyncDispatcher,Registering class org.apache.hadoop.mapreduce.v2.app.speculate.Speculator$EventType for class org.apache.hadoop.mapreduce.v2.app.MRAppMaster$SpeculatorEventDispatcher,3a2b3aef,Registering class <*> for class <*>,"['org.apache.hadoop.mapreduce.v2.app.speculate.Speculator$EventType', 'org.apache.hadoop.mapreduce.v2.app.MRAppMaster$SpeculatorEventDispatcher']"
18,2023-11-30,12:27:00,436,INFO,[main] org.apache.hadoop.yarn.event.AsyncDispatcher,Registering class org.apache.hadoop.mapreduce.v2.app.rm.ContainerAllocator$EventType for class org.apache.hadoop.mapreduce.v2.app.MRAppMaster$ContainerAllocatorRouter,3a2b3aef,Registering class <*> for class <*>,"['org.apache.hadoop.mapreduce.v2.app.rm.ContainerAllocator$EventType', 'org.apache.hadoop.mapreduce.v2.app.MRAppMaster$ContainerAllocatorRouter']"
19,2023-11-30,12:27:00,437,INFO,[main] org.apache.hadoop.yarn.event.AsyncDispatcher,Registering class org.apache.hadoop.mapreduce.v2.app.launcher.ContainerLauncher$EventType for class org.apache.hadoop.mapreduce.v2.app.MRAppMaster$ContainerLauncherRouter,3a2b3aef,Registering class <*> for class <*>,"['org.apache.hadoop.mapreduce.v2.app.launcher.ContainerLauncher$EventType', 'org.apache.hadoop.mapreduce.v2.app.MRAppMaster$ContainerLauncherRouter']"
20,2023-11-30,12:27:00,460,INFO,[main] org.apache.hadoop.mapreduce.v2.jobhistory.JobHistoryUtils,Default file system [hdfs://2f08f873c798:9000],fb1f4268,Default file system [hdfs://2f08f873c798:<*>],['9000']
21,2023-11-30,12:27:00,472,INFO,[main] org.apache.hadoop.mapreduce.v2.jobhistory.JobHistoryUtils,Default file system [hdfs://2f08f873c798:9000],fb1f4268,Default file system [hdfs://2f08f873c798:<*>],['9000']
22,2023-11-30,12:27:00,484,INFO,[main] org.apache.hadoop.mapreduce.v2.jobhistory.JobHistoryUtils,Default file system [hdfs://2f08f873c798:9000],fb1f4268,Default file system [hdfs://2f08f873c798:<*>],['9000']
23,2023-11-30,12:27:00,493,INFO,[main] org.apache.hadoop.mapreduce.jobhistory.JobHistoryEventHandler,Emitting job history data to the timeline server is not enabled,3a03968c,Emitting job history data to the timeline server is not enabled,[]
24,2023-11-30,12:27:00,523,INFO,[main] org.apache.hadoop.yarn.event.AsyncDispatcher,Registering class org.apache.hadoop.mapreduce.v2.app.job.event.JobFinishEvent$Type for class org.apache.hadoop.mapreduce.v2.app.MRAppMaster$JobFinishEventHandler,3a2b3aef,Registering class <*> for class <*>,"['org.apache.hadoop.mapreduce.v2.app.job.event.JobFinishEvent$Type', 'org.apache.hadoop.mapreduce.v2.app.MRAppMaster$JobFinishEventHandler']"
25,2023-11-30,12:27:00,677,INFO,[main] org.apache.hadoop.metrics2.impl.MetricsConfig,Loaded properties from hadoop-metrics2.properties,7a3d0110,Loaded properties from hadoop-metrics2.properties,[]
26,2023-11-30,12:27:00,736,INFO,[main] org.apache.hadoop.metrics2.impl.MetricsSystemImpl,Scheduled Metric snapshot period at 10 second(s).,becc4e71,Scheduled Metric snapshot period at <*> second(s).,['10']
27,2023-11-30,12:27:00,737,INFO,[main] org.apache.hadoop.metrics2.impl.MetricsSystemImpl,MRAppMaster metrics system started,fc657c96,MRAppMaster metrics system started,[]
28,2023-11-30,12:27:00,743,INFO,[main] org.apache.hadoop.mapreduce.v2.app.job.impl.JobImpl,Adding job token for job_1701312551309_0121 to jobTokenSecretManager,080bfa16,Adding job token for job_<*>_<*> to jobTokenSecretManager,['1701312551309_0121']
29,2023-11-30,12:27:00,836,INFO,[main] org.apache.hadoop.mapreduce.v2.app.job.impl.JobImpl,Not uberizing job_1701312551309_0121 because: not enabled; too many maps; too much RAM;,1351aab1,Not uberizing job_<*>_<*> because: not enabled; too many maps; too much RAM;,['1701312551309_0121']
30,2023-11-30,12:27:00,851,INFO,[main] org.apache.hadoop.mapreduce.v2.app.job.impl.JobImpl,Input size for job job_1701312551309_0121 = 320000. Number of splits = 10,7ee6a6bc,Input size for job job_<*>_<*> = <*>. Number of splits = <*>,"['1701312551309_0121', '320000', '10']"
31,2023-11-30,12:27:00,852,INFO,[main] org.apache.hadoop.mapreduce.v2.app.job.impl.JobImpl,Number of reduces for job job_1701312551309_0121 = 1,691cf50f,Number of reduces for job job_<*>_<*> = <*>,"['1701312551309_0121', '1']"
32,2023-11-30,12:27:00,852,INFO,[main] org.apache.hadoop.mapreduce.v2.app.job.impl.JobImpl,job_1701312551309_0121Job Transitioned from NEW to INITED,c580e1c3,job_<*>_0121Job Transitioned from <*> to <*>,"['1701312551309', 'NEW', 'INITED']"
33,2023-11-30,12:27:00,853,INFO,[main] org.apache.hadoop.mapreduce.v2.app.MRAppMaster,"MRAppMaster launching normal, non-uberized, multi-container job job_1701312551309_0121.",8cfccb68,"MRAppMaster launching normal, non-uberized, multi-container job job_<*>_<*>.",['1701312551309_0121']
34,2023-11-30,12:27:00,877,INFO,[main] org.apache.hadoop.ipc.CallQueueManager,"Using callQueue: class java.util.concurrent.LinkedBlockingQueue, queueCapacity: 100, scheduler: class org.apache.hadoop.ipc.DefaultRpcScheduler, ipcBackoff: false.",4800a8aa,"Using callQueue: class java.util.concurrent.LinkedBlockingQueue, queueCapacity: <*>, scheduler: class org.apache.hadoop.ipc.DefaultRpcScheduler, ipcBackoff: false.",['100']
35,2023-11-30,12:27:00,883,INFO,[main] org.apache.hadoop.ipc.Server,Listener at 0.0.0.0:40323,55039769,Listener at <*>,['0.0.0.0:40323']
36,2023-11-30,12:27:00,885,INFO,[Socket Reader #1 for port 0] org.apache.hadoop.ipc.Server,Starting Socket Reader #1 for port 0,70066a26,Starting Socket Reader #<*> for port <*>,"['1', '0']"
37,2023-11-30,12:27:01,036,INFO,[main] org.apache.hadoop.yarn.factories.impl.pb.RpcServerFactoryPBImpl,Adding protocol org.apache.hadoop.mapreduce.v2.api.MRClientProtocolPB to the server,8c4d0a72,Adding protocol org.apache.hadoop.mapreduce.v2.api.MRClientProtocolPB to the server,[]
38,2023-11-30,12:27:01,036,INFO,[IPC Server Responder] org.apache.hadoop.ipc.Server,IPC Server Responder: starting,ccc17099,IPC Server Responder: starting,[]
39,2023-11-30,12:27:01,037,INFO,[IPC Server listener on 0] org.apache.hadoop.ipc.Server,IPC Server listener on 0: starting,73b103d7,IPC Server listener on <*>: starting,['0']
40,2023-11-30,12:27:01,038,INFO,[main] org.apache.hadoop.mapreduce.v2.app.client.MRClientService,Instantiated MRClientService at cf6e5ca2712c/192.161.20.5:40323,3592ea3d,Instantiated MRClientService at cf6e5ca2712c<*>,['/192.161.20.5:40323']
41,2023-11-30,12:27:01,074,INFO,[main] org.eclipse.jetty.util.log,Logging initialized @2175ms to org.eclipse.jetty.util.log.Slf4jLog,baecd762,Logging initialized @2175ms to org.eclipse.jetty.util.log.Slf4jLog,[]
42,2023-11-30,12:27:01,138,WARN,[main] org.apache.hadoop.security.authentication.server.AuthenticationFilter,"Unable to initialize FileSignerSecretProvider, falling back to use random secrets. Reason: Could not read signature secret file: /root/hadoop-http-auth-signature-secret",9c1a3d53,"Unable to initialize FileSignerSecretProvider, falling back to use random secrets. Reason: Could not read signature secret file: /root/hadoop-http-auth-signature-secret",[]
43,2023-11-30,12:27:01,141,INFO,[main] org.apache.hadoop.http.HttpRequestLog,Http request log for http.requests.mapreduce is not defined,0859dbfb,Http request log for http.requests.mapreduce is not defined,[]
44,2023-11-30,12:27:01,145,INFO,[main] org.apache.hadoop.http.HttpServer2,Added global filter 'safety' (class=org.apache.hadoop.http.HttpServer2$QuotingInputFilter),a8927e0e,Added global filter 'safety' (class=org.apache.hadoop.http.HttpServer2$QuotingInputFilter),[]
45,2023-11-30,12:27:01,167,INFO,[main] org.apache.hadoop.http.HttpServer2,Added filter AM_PROXY_FILTER (class=org.apache.hadoop.yarn.server.webproxy.amfilter.AmIpFilter) to context mapreduce,ae2086c0,Added filter AM_PROXY_FILTER (class=org.apache.hadoop.yarn.server.webproxy.amfilter.AmIpFilter) to context <*>,['mapreduce']
46,2023-11-30,12:27:01,167,INFO,[main] org.apache.hadoop.http.HttpServer2,Added filter AM_PROXY_FILTER (class=org.apache.hadoop.yarn.server.webproxy.amfilter.AmIpFilter) to context static,ae2086c0,Added filter AM_PROXY_FILTER (class=org.apache.hadoop.yarn.server.webproxy.amfilter.AmIpFilter) to context <*>,['static']
47,2023-11-30,12:27:01,473,INFO,[main] org.apache.hadoop.yarn.webapp.WebApps,Registered webapp guice modules,5ba9445a,Registered webapp guice modules,[]
48,2023-11-30,12:27:01,474,INFO,[main] org.apache.hadoop.http.HttpServer2,Jetty bound to port 41737,8aa20788,Jetty bound to port <*>,['41737']
49,2023-11-30,12:27:01,475,INFO,[main] org.eclipse.jetty.server.Server,jetty-9.4.51.v20230217; built: 2023-02-17T08:19:37.309Z; git: b45c405e4544384de066f814ed42ae3dceacdd49; jvm 11.0.20+8-post-Ubuntu-1ubuntu120.04,16a015cc,jetty-<*>.<*>.<*>.v20230217; built: <*>-<*>-17T08:<*>:<*>.309Z; git: b45c405e4544384de066f814ed42ae3dceacdd49; jvm <*>.<*>.<*>+<*>-post-Ubuntu-1ubuntu120.<*>,"['9', '4.51', '2023-02', '19:37', '11', '0.20+8', '04']"
50,2023-11-30,12:27:01,498,INFO,[main] org.eclipse.jetty.server.session,DefaultSessionIdManager workerName=node0,bacbae49,DefaultSessionIdManager workerName=node<*>,['0']
51,2023-11-30,12:27:01,498,INFO,[main] org.eclipse.jetty.server.session,"No SessionScavenger set, using defaults",9ee7bbd8,"No SessionScavenger set, using defaults",[]
52,2023-11-30,12:27:01,500,INFO,[main] org.eclipse.jetty.server.session,node0 Scavenging every 600000ms,0fcdc0c2,node0 Scavenging every 600000ms,[]
53,2023-11-30,12:27:01,509,INFO,[main] org.eclipse.jetty.server.handler.ContextHandler,"Started o.e.j.s.ServletContextHandler@168b4cb0{static,/static,jar:file:/usr/local/revisedJQF/v8/hadoop-3.3.6/share/hadoop/yarn/hadoop-yarn-common-3.3.6.jar!/webapps/static,AVAILABLE}",00ac854a,Started <*>,"['o.e.j.s.ServletContextHandler@168b4cb0{static,/static,jar:file:/usr/local/revisedJQF/v8/hadoop-3.3.6/share/hadoop/yarn/hadoop-yarn-common-3.3.6.jar!/webapps/static,AVAILABLE}']"
54,2023-11-30,12:27:02,193,INFO,[main] org.eclipse.jetty.server.handler.ContextHandler,"Started o.e.j.w.WebAppContext@7d8f2eec{mapreduce,/,file:///home/hadoop3/hadoop/tmp/nm-local-dir/usercache/root/appcache/application_1701312551309_0121/container_1701312551309_0121_01_000001/tmp/jetty-0_0_0_0-41737-hadoop-yarn-common-3_3_6_jar-_-any-7948893138392016591/webapp/,AVAILABLE}{jar:file:/usr/local/revisedJQF/v8/hadoop-3.3.6/share/hadoop/yarn/hadoop-yarn-common-3.3.6.jar!/webapps/mapreduce}",00ac854a,Started <*>,"['o.e.j.w.WebAppContext@7d8f2eec{mapreduce,/,file:///home/hadoop3/hadoop/tmp/nm-local-dir/usercache/root/appcache/application_1701312551309_0121/container_1701312551309_0121_01_000001/tmp/jetty-0_0_0_0-41737-hadoop-yarn-common-3_3_6_jar-_-any-7948893138392016591/webapp/,AVAILABLE}{jar:file:/usr/local/revisedJQF/v8/hadoop-3.3.6/share/hadoop/yarn/hadoop-yarn-common-3.3.6.jar!/webapps/mapreduce}']"
55,2023-11-30,12:27:02,210,INFO,[main] org.eclipse.jetty.server.AbstractConnector,"Started ServerConnector@7b5b5bfe{HTTP/1.1, (http/1.1)}{0.0.0.0:41737}",ca519185,"Started ServerConnector@7b5b5bfe{HTTP/<*>.<*>, (http/<*>.<*>)}{<*>}","['1.1', '1.1', '0.0.0.0:41737']"
56,2023-11-30,12:27:02,210,INFO,[main] org.eclipse.jetty.server.Server,Started @3311ms,00ac854a,Started <*>,['@3311ms']
57,2023-11-30,12:27:02,211,INFO,[main] org.apache.hadoop.yarn.webapp.WebApps,Web app mapreduce started at 41737,0923c3bb,Web app mapreduce started at <*>,['41737']
58,2023-11-30,12:27:02,220,INFO,[main] org.apache.hadoop.ipc.CallQueueManager,"Using callQueue: class java.util.concurrent.LinkedBlockingQueue, queueCapacity: 3000, scheduler: class org.apache.hadoop.ipc.DefaultRpcScheduler, ipcBackoff: false.",4800a8aa,"Using callQueue: class java.util.concurrent.LinkedBlockingQueue, queueCapacity: <*>, scheduler: class org.apache.hadoop.ipc.DefaultRpcScheduler, ipcBackoff: false.",['3000']
59,2023-11-30,12:27:02,220,INFO,[AsyncDispatcher event handler] org.apache.hadoop.mapreduce.v2.app.speculate.DefaultSpeculator,JOB_CREATE job_1701312551309_0121,e79de774,JOB_CREATE job_<*>_<*>,['1701312551309_0121']
60,2023-11-30,12:27:02,221,INFO,[main] org.apache.hadoop.ipc.Server,Listener at 0.0.0.0:36097,55039769,Listener at <*>,['0.0.0.0:36097']
61,2023-11-30,12:27:02,221,INFO,[Socket Reader #1 for port 0] org.apache.hadoop.ipc.Server,Starting Socket Reader #1 for port 0,70066a26,Starting Socket Reader #<*> for port <*>,"['1', '0']"
62,2023-11-30,12:27:02,226,INFO,[IPC Server listener on 0] org.apache.hadoop.ipc.Server,IPC Server listener on 0: starting,73b103d7,IPC Server listener on <*>: starting,['0']
63,2023-11-30,12:27:02,226,INFO,[IPC Server Responder] org.apache.hadoop.ipc.Server,IPC Server Responder: starting,ccc17099,IPC Server Responder: starting,[]
64,2023-11-30,12:27:02,258,INFO,[main] org.apache.hadoop.mapreduce.v2.app.rm.RMContainerRequestor,nodeBlacklistingEnabled:true,8b1732f5,nodeBlacklistingEnabled:true,[]
65,2023-11-30,12:27:02,258,INFO,[main] org.apache.hadoop.mapreduce.v2.app.rm.RMContainerRequestor,maxTaskFailuresPerNode is 3,07a75a5d,maxTaskFailuresPerNode is <*>,['3']
66,2023-11-30,12:27:02,258,INFO,[main] org.apache.hadoop.mapreduce.v2.app.rm.RMContainerRequestor,blacklistDisablePercent is 33,168a0869,blacklistDisablePercent is <*>,['33']
67,2023-11-30,12:27:02,260,INFO,[main] org.apache.hadoop.mapreduce.v2.app.rm.RMContainerAllocator,0% of the mappers will be scheduled using OPPORTUNISTIC containers,10c1693b,0% of the mappers will be scheduled using OPPORTUNISTIC containers,[]
68,2023-11-30,12:27:02,283,INFO,[main] org.apache.hadoop.yarn.client.DefaultNoHARMFailoverProxyProvider,Connecting to ResourceManager at 2f08f873c798/192.161.20.17:8030,4ecdc8c5,Connecting to ResourceManager at 2f08f873c798<*>,['/192.161.20.17:8030']
69,2023-11-30,12:27:02,339,INFO,[main] org.apache.hadoop.mapreduce.v2.app.rm.RMCommunicator,"maxContainerCapability: <memory:8192, vCores:4>",1b9a71a7,"maxContainerCapability: <memory:<*>, vCores:<*>>","['8192', '4>']"
70,2023-11-30,12:27:02,339,INFO,[main] org.apache.hadoop.mapreduce.v2.app.rm.RMCommunicator,queue: default,62365dbe,queue: default,[]
71,2023-11-30,12:27:02,343,INFO,[main] org.apache.hadoop.mapreduce.v2.app.launcher.ContainerLauncherImpl,Upper limit on the thread pool size is 500,293bdc87,Upper limit on the thread pool size is <*>,['500']
72,2023-11-30,12:27:02,343,INFO,[main] org.apache.hadoop.mapreduce.v2.app.launcher.ContainerLauncherImpl,The thread pool initial size is 10,7a27b63d,The thread pool initial size is <*>,['10']
73,2023-11-30,12:27:02,360,INFO,[AsyncDispatcher event handler] org.apache.hadoop.mapreduce.v2.app.job.impl.JobImpl,job_1701312551309_0121Job Transitioned from INITED to SETUP,c580e1c3,job_<*>_0121Job Transitioned from <*> to <*>,"['1701312551309', 'INITED', 'SETUP']"
74,2023-11-30,12:27:02,367,INFO,[CommitterEvent Processor #0] org.apache.hadoop.mapreduce.v2.app.commit.CommitterEventHandler,Processing the event EventType: JOB_SETUP,8825a75c,Processing the event EventType: <*>,['JOB_SETUP']
75,2023-11-30,12:27:02,390,INFO,[AsyncDispatcher event handler] org.apache.hadoop.mapreduce.v2.app.job.impl.JobImpl,job_1701312551309_0121Job Transitioned from SETUP to RUNNING,c580e1c3,job_<*>_0121Job Transitioned from <*> to <*>,"['1701312551309', 'SETUP', 'RUNNING']"
76,2023-11-30,12:27:02,421,INFO,[AsyncDispatcher event handler] org.apache.hadoop.mapreduce.v2.app.job.impl.TaskAttemptImpl,"Resource capability of task type MAP is set to <memory:5120, vCores:1>",16c3067a,"Resource capability of task type <*> is set to <memory:<*>, vCores:<*>>","['MAP', '5120', '1>']"
77,2023-11-30,12:27:02,428,INFO,[AsyncDispatcher event handler] org.apache.hadoop.mapreduce.v2.app.job.impl.TaskImpl,task_1701312551309_0121_m_000000 Task Transitioned from NEW to SCHEDULED,d231a1af,task_<*>_<*>_m_<*> Task Transitioned from <*> to <*>,"['1701312551309_0121', '000000', 'NEW', 'SCHEDULED']"
78,2023-11-30,12:27:02,429,INFO,[AsyncDispatcher event handler] org.apache.hadoop.mapreduce.v2.app.job.impl.TaskImpl,task_1701312551309_0121_m_000001 Task Transitioned from NEW to SCHEDULED,d231a1af,task_<*>_<*>_m_<*> Task Transitioned from <*> to <*>,"['1701312551309_0121', '000001', 'NEW', 'SCHEDULED']"
79,2023-11-30,12:27:02,429,INFO,[AsyncDispatcher event handler] org.apache.hadoop.mapreduce.v2.app.job.impl.TaskImpl,task_1701312551309_0121_m_000002 Task Transitioned from NEW to SCHEDULED,d231a1af,task_<*>_<*>_m_<*> Task Transitioned from <*> to <*>,"['1701312551309_0121', '000002', 'NEW', 'SCHEDULED']"
80,2023-11-30,12:27:02,429,INFO,[AsyncDispatcher event handler] org.apache.hadoop.mapreduce.v2.app.job.impl.TaskImpl,task_1701312551309_0121_m_000003 Task Transitioned from NEW to SCHEDULED,d231a1af,task_<*>_<*>_m_<*> Task Transitioned from <*> to <*>,"['1701312551309_0121', '000003', 'NEW', 'SCHEDULED']"
81,2023-11-30,12:27:02,429,INFO,[AsyncDispatcher event handler] org.apache.hadoop.mapreduce.v2.app.job.impl.TaskImpl,task_1701312551309_0121_m_000004 Task Transitioned from NEW to SCHEDULED,d231a1af,task_<*>_<*>_m_<*> Task Transitioned from <*> to <*>,"['1701312551309_0121', '000004', 'NEW', 'SCHEDULED']"
82,2023-11-30,12:27:02,429,INFO,[AsyncDispatcher event handler] org.apache.hadoop.mapreduce.v2.app.job.impl.TaskImpl,task_1701312551309_0121_m_000005 Task Transitioned from NEW to SCHEDULED,d231a1af,task_<*>_<*>_m_<*> Task Transitioned from <*> to <*>,"['1701312551309_0121', '000005', 'NEW', 'SCHEDULED']"
83,2023-11-30,12:27:02,430,INFO,[AsyncDispatcher event handler] org.apache.hadoop.mapreduce.v2.app.job.impl.TaskImpl,task_1701312551309_0121_m_000006 Task Transitioned from NEW to SCHEDULED,d231a1af,task_<*>_<*>_m_<*> Task Transitioned from <*> to <*>,"['1701312551309_0121', '000006', 'NEW', 'SCHEDULED']"
84,2023-11-30,12:27:02,430,INFO,[AsyncDispatcher event handler] org.apache.hadoop.mapreduce.v2.app.job.impl.TaskImpl,task_1701312551309_0121_m_000007 Task Transitioned from NEW to SCHEDULED,d231a1af,task_<*>_<*>_m_<*> Task Transitioned from <*> to <*>,"['1701312551309_0121', '000007', 'NEW', 'SCHEDULED']"
85,2023-11-30,12:27:02,430,INFO,[AsyncDispatcher event handler] org.apache.hadoop.mapreduce.v2.app.job.impl.TaskImpl,task_1701312551309_0121_m_000008 Task Transitioned from NEW to SCHEDULED,d231a1af,task_<*>_<*>_m_<*> Task Transitioned from <*> to <*>,"['1701312551309_0121', '000008', 'NEW', 'SCHEDULED']"
86,2023-11-30,12:27:02,432,INFO,[AsyncDispatcher event handler] org.apache.hadoop.mapreduce.v2.app.job.impl.TaskImpl,task_1701312551309_0121_m_000009 Task Transitioned from NEW to SCHEDULED,d231a1af,task_<*>_<*>_m_<*> Task Transitioned from <*> to <*>,"['1701312551309_0121', '000009', 'NEW', 'SCHEDULED']"
87,2023-11-30,12:27:02,433,INFO,[AsyncDispatcher event handler] org.apache.hadoop.mapreduce.v2.app.job.impl.TaskAttemptImpl,"Resource capability of task type REDUCE is set to <memory:5120, vCores:1>",16c3067a,"Resource capability of task type <*> is set to <memory:<*>, vCores:<*>>","['REDUCE', '5120', '1>']"
88,2023-11-30,12:27:02,433,INFO,[AsyncDispatcher event handler] org.apache.hadoop.mapreduce.v2.app.job.impl.TaskImpl,task_1701312551309_0121_r_000000 Task Transitioned from NEW to SCHEDULED,a55d23fc,task_<*>_<*>_r_<*> Task Transitioned from <*> to <*>,"['1701312551309_0121', '000000', 'NEW', 'SCHEDULED']"
89,2023-11-30,12:27:02,434,INFO,[AsyncDispatcher event handler] org.apache.hadoop.mapreduce.v2.app.job.impl.TaskAttemptImpl,attempt_1701312551309_0121_m_000000_0 TaskAttempt Transitioned from NEW to UNASSIGNED,590bd861,attempt_<*>_<*>_m_<*>_<*> TaskAttempt Transitioned from <*> to <*>,"['1701312551309_0121', '000000_0', 'NEW', 'UNASSIGNED']"
90,2023-11-30,12:27:02,434,INFO,[AsyncDispatcher event handler] org.apache.hadoop.mapreduce.v2.app.job.impl.TaskAttemptImpl,attempt_1701312551309_0121_m_000001_0 TaskAttempt Transitioned from NEW to UNASSIGNED,590bd861,attempt_<*>_<*>_m_<*>_<*> TaskAttempt Transitioned from <*> to <*>,"['1701312551309_0121', '000001_0', 'NEW', 'UNASSIGNED']"
91,2023-11-30,12:27:02,434,INFO,[AsyncDispatcher event handler] org.apache.hadoop.mapreduce.v2.app.job.impl.TaskAttemptImpl,attempt_1701312551309_0121_m_000002_0 TaskAttempt Transitioned from NEW to UNASSIGNED,590bd861,attempt_<*>_<*>_m_<*>_<*> TaskAttempt Transitioned from <*> to <*>,"['1701312551309_0121', '000002_0', 'NEW', 'UNASSIGNED']"
92,2023-11-30,12:27:02,434,INFO,[AsyncDispatcher event handler] org.apache.hadoop.mapreduce.v2.app.job.impl.TaskAttemptImpl,attempt_1701312551309_0121_m_000003_0 TaskAttempt Transitioned from NEW to UNASSIGNED,590bd861,attempt_<*>_<*>_m_<*>_<*> TaskAttempt Transitioned from <*> to <*>,"['1701312551309_0121', '000003_0', 'NEW', 'UNASSIGNED']"
93,2023-11-30,12:27:02,435,INFO,[AsyncDispatcher event handler] org.apache.hadoop.mapreduce.v2.app.job.impl.TaskAttemptImpl,attempt_1701312551309_0121_m_000004_0 TaskAttempt Transitioned from NEW to UNASSIGNED,590bd861,attempt_<*>_<*>_m_<*>_<*> TaskAttempt Transitioned from <*> to <*>,"['1701312551309_0121', '000004_0', 'NEW', 'UNASSIGNED']"
94,2023-11-30,12:27:02,435,INFO,[AsyncDispatcher event handler] org.apache.hadoop.mapreduce.v2.app.job.impl.TaskAttemptImpl,attempt_1701312551309_0121_m_000005_0 TaskAttempt Transitioned from NEW to UNASSIGNED,590bd861,attempt_<*>_<*>_m_<*>_<*> TaskAttempt Transitioned from <*> to <*>,"['1701312551309_0121', '000005_0', 'NEW', 'UNASSIGNED']"
95,2023-11-30,12:27:02,435,INFO,[AsyncDispatcher event handler] org.apache.hadoop.mapreduce.v2.app.job.impl.TaskAttemptImpl,attempt_1701312551309_0121_m_000006_0 TaskAttempt Transitioned from NEW to UNASSIGNED,590bd861,attempt_<*>_<*>_m_<*>_<*> TaskAttempt Transitioned from <*> to <*>,"['1701312551309_0121', '000006_0', 'NEW', 'UNASSIGNED']"
96,2023-11-30,12:27:02,435,INFO,[AsyncDispatcher event handler] org.apache.hadoop.mapreduce.v2.app.job.impl.TaskAttemptImpl,attempt_1701312551309_0121_m_000007_0 TaskAttempt Transitioned from NEW to UNASSIGNED,590bd861,attempt_<*>_<*>_m_<*>_<*> TaskAttempt Transitioned from <*> to <*>,"['1701312551309_0121', '000007_0', 'NEW', 'UNASSIGNED']"
97,2023-11-30,12:27:02,435,INFO,[AsyncDispatcher event handler] org.apache.hadoop.mapreduce.v2.app.job.impl.TaskAttemptImpl,attempt_1701312551309_0121_m_000008_0 TaskAttempt Transitioned from NEW to UNASSIGNED,590bd861,attempt_<*>_<*>_m_<*>_<*> TaskAttempt Transitioned from <*> to <*>,"['1701312551309_0121', '000008_0', 'NEW', 'UNASSIGNED']"
98,2023-11-30,12:27:02,435,INFO,[AsyncDispatcher event handler] org.apache.hadoop.mapreduce.v2.app.job.impl.TaskAttemptImpl,attempt_1701312551309_0121_m_000009_0 TaskAttempt Transitioned from NEW to UNASSIGNED,590bd861,attempt_<*>_<*>_m_<*>_<*> TaskAttempt Transitioned from <*> to <*>,"['1701312551309_0121', '000009_0', 'NEW', 'UNASSIGNED']"
99,2023-11-30,12:27:02,435,INFO,[AsyncDispatcher event handler] org.apache.hadoop.mapreduce.v2.app.job.impl.TaskAttemptImpl,attempt_1701312551309_0121_r_000000_0 TaskAttempt Transitioned from NEW to UNASSIGNED,500abf63,attempt_<*>_<*>_r_<*>_<*> TaskAttempt Transitioned from <*> to <*>,"['1701312551309_0121', '000000_0', 'NEW', 'UNASSIGNED']"
100,2023-11-30,12:27:02,437,INFO,[Thread-65] org.apache.hadoop.mapreduce.v2.app.rm.RMContainerAllocator,"mapResourceRequest:<memory:5120, vCores:1>",70768b95,"mapResourceRequest:<memory:<*>, vCores:<*>>","['5120', '1>']"
101,2023-11-30,12:27:02,452,INFO,[eventHandlingThread] org.apache.hadoop.mapreduce.jobhistory.JobHistoryEventHandler,"Event Writer setup for JobId: job_1701312551309_0121, File: hdfs://2f08f873c798:9000/tmp/hadoop-yarn/staging/root/.staging/job_1701312551309_0121/job_1701312551309_0121_1.jhist",10edc0f1,"Event Writer setup for JobId: job_<*>_<*>, File: hdfs://2f08f873c798:<*>/tmp/hadoop-yarn/staging/root/.staging/job_<*>_<*>/job_<*>_<*>_<*>.jhist","['1701312551309_0121', '9000', '1701312551309_0121', '1701312551309', '0121_1']"
102,2023-11-30,12:27:02,464,INFO,[Thread-65] org.apache.hadoop.mapreduce.v2.app.rm.RMContainerAllocator,"reduceResourceRequest:<memory:5120, vCores:1>",fa3c4543,"reduceResourceRequest:<memory:<*>, vCores:<*>>","['5120', '1>']"
103,2023-11-30,12:27:03,343,INFO,[RMCommunicator Allocator] org.apache.hadoop.mapreduce.v2.app.rm.RMContainerAllocator,Before Scheduling: PendingReds:1 ScheduledMaps:10 ScheduledReds:0 AssignedMaps:0 AssignedReds:0 CompletedMaps:0 CompletedReds:0 ContAlloc:0 ContRel:0 HostLocal:0 RackLocal:0,f3cfcdcd,Before Scheduling: PendingReds:<*> ScheduledMaps:<*> ScheduledReds:<*> AssignedMaps:<*> AssignedReds:<*> CompletedMaps:<*> CompletedReds:<*> ContAlloc:<*> ContRel:<*> HostLocal:<*> RackLocal:<*>,"['1', '10', '0', '0', '0', '0', '0', '0', '0', '0', '0']"
104,2023-11-30,12:27:03,384,INFO,[RMCommunicator Allocator] org.apache.hadoop.mapreduce.v2.app.rm.RMContainerRequestor,"getResources() for application_1701312551309_0121: ask=5 release= 0 newContainers=0 finishedContainers=0 resourcelimit=<memory:22528, vCores:23> knownNMs=3",6d3d97fc,"getResources() for application_<*>_<*>: ask=<*> release= <*> newContainers=<*> finishedContainers=<*> resourcelimit=<memory:<*>, vCores:<*>> knownNMs=<*>","['1701312551309_0121', '5', '0', '0', '0', '22528', '23>', '3']"
105,2023-11-30,12:27:03,385,INFO,[RMCommunicator Allocator] org.apache.hadoop.mapreduce.v2.app.rm.RMContainerAllocator,"Recalculating schedule, headroom=<memory:22528, vCores:23>",e856e146,"Recalculating schedule, headroom=<memory:<*>, vCores:<*>>","['22528', '23>']"
106,2023-11-30,12:27:03,385,INFO,[RMCommunicator Allocator] org.apache.hadoop.mapreduce.v2.app.rm.RMContainerAllocator,Reduce slow start threshold not met. completedMapsForReduceSlowstart 1,1fbfd66f,Reduce slow start threshold not met. completedMapsForReduceSlowstart <*>,['1']
107,2023-11-30,12:27:04,404,INFO,[RMCommunicator Allocator] org.apache.hadoop.mapreduce.v2.app.rm.RMContainerAllocator,Got allocated containers 3,0f71bb1f,Got allocated containers <*>,['3']
108,2023-11-30,12:27:04,408,INFO,[RMCommunicator Allocator] org.apache.hadoop.mapreduce.v2.app.rm.RMContainerAllocator,Assigned container container_1701312551309_0121_01_000002 to attempt_1701312551309_0121_m_000000_0,99dd87cd,Assigned container container_<*>_<*>_<*>_<*> to <*>,"['1701312551309', '0121_01_000002', 'attempt_1701312551309_0121_m_000000_0']"
109,2023-11-30,12:27:04,410,INFO,[RMCommunicator Allocator] org.apache.hadoop.mapreduce.v2.app.rm.RMContainerAllocator,Assigned container container_1701312551309_0121_01_000004 to attempt_1701312551309_0121_m_000008_0,99dd87cd,Assigned container container_<*>_<*>_<*>_<*> to <*>,"['1701312551309', '0121_01_000004', 'attempt_1701312551309_0121_m_000008_0']"
110,2023-11-30,12:27:04,411,INFO,[RMCommunicator Allocator] org.apache.hadoop.mapreduce.v2.app.rm.RMContainerAllocator,Assigned container container_1701312551309_0121_01_000006 to attempt_1701312551309_0121_m_000004_0,99dd87cd,Assigned container container_<*>_<*>_<*>_<*> to <*>,"['1701312551309', '0121_01_000006', 'attempt_1701312551309_0121_m_000004_0']"
111,2023-11-30,12:27:04,411,INFO,[RMCommunicator Allocator] org.apache.hadoop.mapreduce.v2.app.rm.RMContainerAllocator,"Recalculating schedule, headroom=<memory:2048, vCores:19>",e856e146,"Recalculating schedule, headroom=<memory:<*>, vCores:<*>>","['2048', '19>']"
112,2023-11-30,12:27:04,411,INFO,[RMCommunicator Allocator] org.apache.hadoop.mapreduce.v2.app.rm.RMContainerAllocator,Reduce slow start threshold not met. completedMapsForReduceSlowstart 1,1fbfd66f,Reduce slow start threshold not met. completedMapsForReduceSlowstart <*>,['1']
113,2023-11-30,12:27:04,411,INFO,[RMCommunicator Allocator] org.apache.hadoop.mapreduce.v2.app.rm.RMContainerAllocator,After Scheduling: PendingReds:1 ScheduledMaps:7 ScheduledReds:0 AssignedMaps:3 AssignedReds:0 CompletedMaps:0 CompletedReds:0 ContAlloc:3 ContRel:0 HostLocal:3 RackLocal:0,b1bdc9c9,After Scheduling: PendingReds:<*> ScheduledMaps:<*> ScheduledReds:<*> AssignedMaps:<*> AssignedReds:<*> CompletedMaps:<*> CompletedReds:<*> ContAlloc:<*> ContRel:<*> HostLocal:<*> RackLocal:<*>,"['1', '7', '0', '3', '0', '0', '0', '3', '0', '3', '0']"
114,2023-11-30,12:27:04,471,INFO,[AsyncDispatcher event handler] org.apache.hadoop.mapreduce.v2.app.job.impl.TaskAttemptImpl,The job-jar file on the remote FS is hdfs://2f08f873c798:9000/tmp/hadoop-yarn/staging/root/.staging/job_1701312551309_0121/job.jar,c9ebd122,The <*> file on the remote FS is <*>,"['job-jar', 'hdfs://2f08f873c798:9000/tmp/hadoop-yarn/staging/root/.staging/job_1701312551309_0121/job.jar']"
115,2023-11-30,12:27:04,475,INFO,[AsyncDispatcher event handler] org.apache.hadoop.mapreduce.v2.app.job.impl.TaskAttemptImpl,The job-conf file on the remote FS is /tmp/hadoop-yarn/staging/root/.staging/job_1701312551309_0121/job.xml,c9ebd122,The <*> file on the remote FS is <*>,"['job-conf', '/tmp/hadoop-yarn/staging/root/.staging/job_1701312551309_0121/job.xml']"
116,2023-11-30,12:27:04,479,INFO,[AsyncDispatcher event handler] org.apache.hadoop.mapreduce.v2.app.job.impl.TaskAttemptImpl,Adding #0 tokens and #1 secret keys for NM use for launching container,5ad17131,Adding #<*> tokens and #<*> secret keys for NM use for launching container,"['0', '1']"
117,2023-11-30,12:27:04,479,INFO,[AsyncDispatcher event handler] org.apache.hadoop.mapreduce.v2.app.job.impl.TaskAttemptImpl,Size of containertokens_dob is 1,e497a05e,Size of containertokens_dob is <*>,['1']
118,2023-11-30,12:27:04,479,INFO,[AsyncDispatcher event handler] org.apache.hadoop.mapreduce.v2.app.job.impl.TaskAttemptImpl,Putting shuffle token in serviceData,944f8887,Putting shuffle token in serviceData,[]
119,2023-11-30,12:27:04,506,INFO,[AsyncDispatcher event handler] org.apache.hadoop.mapreduce.v2.app.job.impl.TaskAttemptImpl,attempt_1701312551309_0121_m_000000_0 TaskAttempt Transitioned from UNASSIGNED to ASSIGNED,590bd861,attempt_<*>_<*>_m_<*>_<*> TaskAttempt Transitioned from <*> to <*>,"['1701312551309_0121', '000000_0', 'UNASSIGNED', 'ASSIGNED']"
120,2023-11-30,12:27:04,511,INFO,[AsyncDispatcher event handler] org.apache.hadoop.mapreduce.v2.app.job.impl.TaskAttemptImpl,attempt_1701312551309_0121_m_000008_0 TaskAttempt Transitioned from UNASSIGNED to ASSIGNED,590bd861,attempt_<*>_<*>_m_<*>_<*> TaskAttempt Transitioned from <*> to <*>,"['1701312551309_0121', '000008_0', 'UNASSIGNED', 'ASSIGNED']"
121,2023-11-30,12:27:04,513,INFO,[AsyncDispatcher event handler] org.apache.hadoop.mapreduce.v2.app.job.impl.TaskAttemptImpl,attempt_1701312551309_0121_m_000004_0 TaskAttempt Transitioned from UNASSIGNED to ASSIGNED,590bd861,attempt_<*>_<*>_m_<*>_<*> TaskAttempt Transitioned from <*> to <*>,"['1701312551309_0121', '000004_0', 'UNASSIGNED', 'ASSIGNED']"
122,2023-11-30,12:27:04,517,INFO,[ContainerLauncher #0] org.apache.hadoop.mapreduce.v2.app.launcher.ContainerLauncherImpl,Processing the event EventType: CONTAINER_REMOTE_LAUNCH for container container_1701312551309_0121_01_000002 taskAttempt attempt_1701312551309_0121_m_000000_0,36fc78d1,Processing the event EventType: <*> for container container_<*>_<*>_<*>_<*> taskAttempt <*>,"['CONTAINER_REMOTE_LAUNCH', '1701312551309', '0121_01_000002', 'attempt_1701312551309_0121_m_000000_0']"
123,2023-11-30,12:27:04,518,INFO,[ContainerLauncher #1] org.apache.hadoop.mapreduce.v2.app.launcher.ContainerLauncherImpl,Processing the event EventType: CONTAINER_REMOTE_LAUNCH for container container_1701312551309_0121_01_000004 taskAttempt attempt_1701312551309_0121_m_000008_0,36fc78d1,Processing the event EventType: <*> for container container_<*>_<*>_<*>_<*> taskAttempt <*>,"['CONTAINER_REMOTE_LAUNCH', '1701312551309', '0121_01_000004', 'attempt_1701312551309_0121_m_000008_0']"
124,2023-11-30,12:27:04,518,INFO,[ContainerLauncher #2] org.apache.hadoop.mapreduce.v2.app.launcher.ContainerLauncherImpl,Processing the event EventType: CONTAINER_REMOTE_LAUNCH for container container_1701312551309_0121_01_000006 taskAttempt attempt_1701312551309_0121_m_000004_0,36fc78d1,Processing the event EventType: <*> for container container_<*>_<*>_<*>_<*> taskAttempt <*>,"['CONTAINER_REMOTE_LAUNCH', '1701312551309', '0121_01_000006', 'attempt_1701312551309_0121_m_000004_0']"
125,2023-11-30,12:27:04,523,INFO,[ContainerLauncher #1] org.apache.hadoop.mapreduce.v2.app.launcher.ContainerLauncherImpl,Launching attempt_1701312551309_0121_m_000008_0,df347da1,Launching <*>,['attempt_1701312551309_0121_m_000008_0']
126,2023-11-30,12:27:04,523,INFO,[ContainerLauncher #2] org.apache.hadoop.mapreduce.v2.app.launcher.ContainerLauncherImpl,Launching attempt_1701312551309_0121_m_000004_0,df347da1,Launching <*>,['attempt_1701312551309_0121_m_000004_0']
127,2023-11-30,12:27:04,523,INFO,[ContainerLauncher #0] org.apache.hadoop.mapreduce.v2.app.launcher.ContainerLauncherImpl,Launching attempt_1701312551309_0121_m_000000_0,df347da1,Launching <*>,['attempt_1701312551309_0121_m_000000_0']
128,2023-11-30,12:27:04,623,INFO,[ContainerLauncher #0] org.apache.hadoop.mapreduce.v2.app.launcher.ContainerLauncherImpl,Shuffle port returned by ContainerManager for attempt_1701312551309_0121_m_000000_0 : 13562,f4ac93f2,Shuffle port returned by ContainerManager for <*> : <*>,"['attempt_1701312551309_0121_m_000000_0', '13562']"
129,2023-11-30,12:27:04,623,INFO,[ContainerLauncher #1] org.apache.hadoop.mapreduce.v2.app.launcher.ContainerLauncherImpl,Shuffle port returned by ContainerManager for attempt_1701312551309_0121_m_000008_0 : 13562,f4ac93f2,Shuffle port returned by ContainerManager for <*> : <*>,"['attempt_1701312551309_0121_m_000008_0', '13562']"
130,2023-11-30,12:27:04,623,INFO,[ContainerLauncher #2] org.apache.hadoop.mapreduce.v2.app.launcher.ContainerLauncherImpl,Shuffle port returned by ContainerManager for attempt_1701312551309_0121_m_000004_0 : 13562,f4ac93f2,Shuffle port returned by ContainerManager for <*> : <*>,"['attempt_1701312551309_0121_m_000004_0', '13562']"
131,2023-11-30,12:27:04,625,INFO,[AsyncDispatcher event handler] org.apache.hadoop.mapreduce.v2.app.job.impl.TaskAttemptImpl,TaskAttempt: [attempt_1701312551309_0121_m_000000_0] using containerId: [container_1701312551309_0121_01_000002 on NM: [cf6e5ca2712c:44973],97232dd5,TaskAttempt: <*> using containerId: [container_<*>_<*>_<*>_<*> on NM: <*>,"['[attempt_1701312551309_0121_m_000000_0]', '1701312551309', '0121_01_000002', '[cf6e5ca2712c:44973]']"
132,2023-11-30,12:27:04,633,INFO,[AsyncDispatcher event handler] org.apache.hadoop.mapreduce.v2.app.job.impl.TaskAttemptImpl,attempt_1701312551309_0121_m_000000_0 TaskAttempt Transitioned from ASSIGNED to RUNNING,590bd861,attempt_<*>_<*>_m_<*>_<*> TaskAttempt Transitioned from <*> to <*>,"['1701312551309_0121', '000000_0', 'ASSIGNED', 'RUNNING']"
133,2023-11-30,12:27:04,634,INFO,[AsyncDispatcher event handler] org.apache.hadoop.mapreduce.v2.app.job.impl.TaskAttemptImpl,TaskAttempt: [attempt_1701312551309_0121_m_000004_0] using containerId: [container_1701312551309_0121_01_000006 on NM: [2f08f873c798:43233],97232dd5,TaskAttempt: <*> using containerId: [container_<*>_<*>_<*>_<*> on NM: <*>,"['[attempt_1701312551309_0121_m_000004_0]', '1701312551309', '0121_01_000006', '[2f08f873c798:43233]']"
134,2023-11-30,12:27:04,634,INFO,[AsyncDispatcher event handler] org.apache.hadoop.mapreduce.v2.app.job.impl.TaskAttemptImpl,attempt_1701312551309_0121_m_000004_0 TaskAttempt Transitioned from ASSIGNED to RUNNING,590bd861,attempt_<*>_<*>_m_<*>_<*> TaskAttempt Transitioned from <*> to <*>,"['1701312551309_0121', '000004_0', 'ASSIGNED', 'RUNNING']"
135,2023-11-30,12:27:04,635,INFO,[AsyncDispatcher event handler] org.apache.hadoop.mapreduce.v2.app.job.impl.TaskAttemptImpl,TaskAttempt: [attempt_1701312551309_0121_m_000008_0] using containerId: [container_1701312551309_0121_01_000004 on NM: [ed761ad59d44:38033],97232dd5,TaskAttempt: <*> using containerId: [container_<*>_<*>_<*>_<*> on NM: <*>,"['[attempt_1701312551309_0121_m_000008_0]', '1701312551309', '0121_01_000004', '[ed761ad59d44:38033]']"
136,2023-11-30,12:27:04,635,INFO,[AsyncDispatcher event handler] org.apache.hadoop.mapreduce.v2.app.job.impl.TaskAttemptImpl,attempt_1701312551309_0121_m_000008_0 TaskAttempt Transitioned from ASSIGNED to RUNNING,590bd861,attempt_<*>_<*>_m_<*>_<*> TaskAttempt Transitioned from <*> to <*>,"['1701312551309_0121', '000008_0', 'ASSIGNED', 'RUNNING']"
137,2023-11-30,12:27:04,635,INFO,[AsyncDispatcher event handler] org.apache.hadoop.mapreduce.v2.app.speculate.DefaultSpeculator,ATTEMPT_START task_1701312551309_0121_m_000000,e215e532,ATTEMPT_START <*>,['task_1701312551309_0121_m_000000']
138,2023-11-30,12:27:04,635,INFO,[AsyncDispatcher event handler] org.apache.hadoop.mapreduce.v2.app.job.impl.TaskImpl,task_1701312551309_0121_m_000000 Task Transitioned from SCHEDULED to RUNNING,d231a1af,task_<*>_<*>_m_<*> Task Transitioned from <*> to <*>,"['1701312551309_0121', '000000', 'SCHEDULED', 'RUNNING']"
139,2023-11-30,12:27:04,636,INFO,[AsyncDispatcher event handler] org.apache.hadoop.mapreduce.v2.app.speculate.DefaultSpeculator,ATTEMPT_START task_1701312551309_0121_m_000004,e215e532,ATTEMPT_START <*>,['task_1701312551309_0121_m_000004']
140,2023-11-30,12:27:04,636,INFO,[AsyncDispatcher event handler] org.apache.hadoop.mapreduce.v2.app.job.impl.TaskImpl,task_1701312551309_0121_m_000004 Task Transitioned from SCHEDULED to RUNNING,d231a1af,task_<*>_<*>_m_<*> Task Transitioned from <*> to <*>,"['1701312551309_0121', '000004', 'SCHEDULED', 'RUNNING']"
141,2023-11-30,12:27:04,636,INFO,[AsyncDispatcher event handler] org.apache.hadoop.mapreduce.v2.app.speculate.DefaultSpeculator,ATTEMPT_START task_1701312551309_0121_m_000008,e215e532,ATTEMPT_START <*>,['task_1701312551309_0121_m_000008']
142,2023-11-30,12:27:04,636,INFO,[AsyncDispatcher event handler] org.apache.hadoop.mapreduce.v2.app.job.impl.TaskImpl,task_1701312551309_0121_m_000008 Task Transitioned from SCHEDULED to RUNNING,d231a1af,task_<*>_<*>_m_<*> Task Transitioned from <*> to <*>,"['1701312551309_0121', '000008', 'SCHEDULED', 'RUNNING']"
143,2023-11-30,12:27:05,416,INFO,[RMCommunicator Allocator] org.apache.hadoop.mapreduce.v2.app.rm.RMContainerRequestor,"getResources() for application_1701312551309_0121: ask=5 release= 0 newContainers=0 finishedContainers=0 resourcelimit=<memory:2048, vCores:19> knownNMs=3",6d3d97fc,"getResources() for application_<*>_<*>: ask=<*> release= <*> newContainers=<*> finishedContainers=<*> resourcelimit=<memory:<*>, vCores:<*>> knownNMs=<*>","['1701312551309_0121', '5', '0', '0', '0', '2048', '19>', '3']"
144,2023-11-30,12:27:05,416,INFO,[RMCommunicator Allocator] org.apache.hadoop.mapreduce.v2.app.rm.RMContainerAllocator,"Recalculating schedule, headroom=<memory:2048, vCores:19>",e856e146,"Recalculating schedule, headroom=<memory:<*>, vCores:<*>>","['2048', '19>']"
145,2023-11-30,12:27:05,416,INFO,[RMCommunicator Allocator] org.apache.hadoop.mapreduce.v2.app.rm.RMContainerAllocator,Reduce slow start threshold not met. completedMapsForReduceSlowstart 1,1fbfd66f,Reduce slow start threshold not met. completedMapsForReduceSlowstart <*>,['1']
146,2023-11-30,12:27:05,912,INFO,[Socket Reader #1 for port 0] SecurityLogger.org.apache.hadoop.ipc.Server,Auth successful for job_1701312551309_0121 (auth:SIMPLE) from cf6e5ca2712c:39020 / 192.161.20.5:39020,d8c9fc3d,Auth successful for job_<*>_<*> (auth:SIMPLE) from <*> / <*>,"['1701312551309_0121', 'cf6e5ca2712c:39020', '192.161.20.5:39020']"
147,2023-11-30,12:27:05,953,INFO,[IPC Server handler 0 on default port 36097] org.apache.hadoop.mapred.TaskAttemptListenerImpl,JVM with ID : jvm_1701312551309_0121_m_000002 asked for a task,60675cee,JVM with ID : <*> asked for a task,['jvm_1701312551309_0121_m_000002']
148,2023-11-30,12:27:05,953,INFO,[IPC Server handler 0 on default port 36097] org.apache.hadoop.mapred.TaskAttemptListenerImpl,JVM with ID: jvm_1701312551309_0121_m_000002 given task: attempt_1701312551309_0121_m_000000_0,2a1c144a,JVM with ID: <*> given task: <*>,"['jvm_1701312551309_0121_m_000002', 'attempt_1701312551309_0121_m_000000_0']"
149,2023-11-30,12:27:05,975,INFO,[Socket Reader #1 for port 0] SecurityLogger.org.apache.hadoop.ipc.Server,Auth successful for job_1701312551309_0121 (auth:SIMPLE) from 2f08f873c798:51242 / 192.161.20.17:51242,d8c9fc3d,Auth successful for job_<*>_<*> (auth:SIMPLE) from <*> / <*>,"['1701312551309_0121', '2f08f873c798:51242', '192.161.20.17:51242']"
150,2023-11-30,12:27:05,989,INFO,[IPC Server handler 1 on default port 36097] org.apache.hadoop.mapred.TaskAttemptListenerImpl,JVM with ID : jvm_1701312551309_0121_m_000006 asked for a task,60675cee,JVM with ID : <*> asked for a task,['jvm_1701312551309_0121_m_000006']
151,2023-11-30,12:27:05,990,INFO,[IPC Server handler 1 on default port 36097] org.apache.hadoop.mapred.TaskAttemptListenerImpl,JVM with ID: jvm_1701312551309_0121_m_000006 given task: attempt_1701312551309_0121_m_000004_0,2a1c144a,JVM with ID: <*> given task: <*>,"['jvm_1701312551309_0121_m_000006', 'attempt_1701312551309_0121_m_000004_0']"
152,2023-11-30,12:27:06,034,INFO,[Socket Reader #1 for port 0] SecurityLogger.org.apache.hadoop.ipc.Server,Auth successful for job_1701312551309_0121 (auth:SIMPLE) from ed761ad59d44:43116 / 192.161.20.23:43116,d8c9fc3d,Auth successful for job_<*>_<*> (auth:SIMPLE) from <*> / <*>,"['1701312551309_0121', 'ed761ad59d44:43116', '192.161.20.23:43116']"
153,2023-11-30,12:27:06,047,INFO,[IPC Server handler 2 on default port 36097] org.apache.hadoop.mapred.TaskAttemptListenerImpl,JVM with ID : jvm_1701312551309_0121_m_000004 asked for a task,60675cee,JVM with ID : <*> asked for a task,['jvm_1701312551309_0121_m_000004']
154,2023-11-30,12:27:06,048,INFO,[IPC Server handler 2 on default port 36097] org.apache.hadoop.mapred.TaskAttemptListenerImpl,JVM with ID: jvm_1701312551309_0121_m_000004 given task: attempt_1701312551309_0121_m_000008_0,2a1c144a,JVM with ID: <*> given task: <*>,"['jvm_1701312551309_0121_m_000004', 'attempt_1701312551309_0121_m_000008_0']"
155,2023-11-30,12:27:06,419,INFO,[RMCommunicator Allocator] org.apache.hadoop.mapreduce.v2.app.rm.RMContainerAllocator,"Recalculating schedule, headroom=<memory:2048, vCores:19>",e856e146,"Recalculating schedule, headroom=<memory:<*>, vCores:<*>>","['2048', '19>']"
156,2023-11-30,12:27:06,419,INFO,[RMCommunicator Allocator] org.apache.hadoop.mapreduce.v2.app.rm.RMContainerAllocator,Reduce slow start threshold not met. completedMapsForReduceSlowstart 1,1fbfd66f,Reduce slow start threshold not met. completedMapsForReduceSlowstart <*>,['1']
157,2023-11-30,12:27:07,038,INFO,[IPC Server handler 2 on default port 36097] org.apache.hadoop.mapred.TaskAttemptListenerImpl,Progress of TaskAttempt attempt_1701312551309_0121_m_000000_0 is : 0.0,b53b8ef4,Progress of TaskAttempt <*> is : <*>.<*>,"['attempt_1701312551309_0121_m_000000_0', '0.0']"
158,2023-11-30,12:27:07,068,INFO,[IPC Server handler 3 on default port 36097] org.apache.hadoop.mapred.TaskAttemptListenerImpl,Progress of TaskAttempt attempt_1701312551309_0121_m_000008_0 is : 0.0,b53b8ef4,Progress of TaskAttempt <*> is : <*>.<*>,"['attempt_1701312551309_0121_m_000008_0', '0.0']"
159,2023-11-30,12:27:07,095,INFO,[IPC Server handler 5 on default port 36097] org.apache.hadoop.mapred.TaskAttemptListenerImpl,Progress of TaskAttempt attempt_1701312551309_0121_m_000000_0 is : 1.0,b53b8ef4,Progress of TaskAttempt <*> is : <*>.<*>,"['attempt_1701312551309_0121_m_000000_0', '1.0']"
160,2023-11-30,12:27:07,103,INFO,[IPC Server handler 4 on default port 36097] org.apache.hadoop.mapred.TaskAttemptListenerImpl,Progress of TaskAttempt attempt_1701312551309_0121_m_000004_0 is : 0.0,b53b8ef4,Progress of TaskAttempt <*> is : <*>.<*>,"['attempt_1701312551309_0121_m_000004_0', '0.0']"
161,2023-11-30,12:27:07,108,INFO,[IPC Server handler 8 on default port 36097] org.apache.hadoop.mapred.TaskAttemptListenerImpl,Progress of TaskAttempt attempt_1701312551309_0121_m_000008_0 is : 1.0,b53b8ef4,Progress of TaskAttempt <*> is : <*>.<*>,"['attempt_1701312551309_0121_m_000008_0', '1.0']"
162,2023-11-30,12:27:07,112,INFO,[IPC Server handler 6 on default port 36097] org.apache.hadoop.mapred.TaskAttemptListenerImpl,Done acknowledgment from attempt_1701312551309_0121_m_000000_0,6995e31f,Done acknowledgment from <*>,['attempt_1701312551309_0121_m_000000_0']
163,2023-11-30,12:27:07,114,INFO,[IPC Server handler 9 on default port 36097] org.apache.hadoop.mapred.TaskAttemptListenerImpl,Done acknowledgment from attempt_1701312551309_0121_m_000008_0,6995e31f,Done acknowledgment from <*>,['attempt_1701312551309_0121_m_000008_0']
164,2023-11-30,12:27:07,117,INFO,[AsyncDispatcher event handler] org.apache.hadoop.mapreduce.v2.app.job.impl.TaskAttemptImpl,attempt_1701312551309_0121_m_000000_0 TaskAttempt Transitioned from RUNNING to SUCCESS_FINISHING_CONTAINER,590bd861,attempt_<*>_<*>_m_<*>_<*> TaskAttempt Transitioned from <*> to <*>,"['1701312551309_0121', '000000_0', 'RUNNING', 'SUCCESS_FINISHING_CONTAINER']"
165,2023-11-30,12:27:07,118,INFO,[AsyncDispatcher event handler] org.apache.hadoop.mapreduce.v2.app.job.impl.TaskAttemptImpl,attempt_1701312551309_0121_m_000008_0 TaskAttempt Transitioned from RUNNING to SUCCESS_FINISHING_CONTAINER,590bd861,attempt_<*>_<*>_m_<*>_<*> TaskAttempt Transitioned from <*> to <*>,"['1701312551309_0121', '000008_0', 'RUNNING', 'SUCCESS_FINISHING_CONTAINER']"
166,2023-11-30,12:27:07,128,INFO,[AsyncDispatcher event handler] org.apache.hadoop.mapreduce.v2.app.job.impl.TaskImpl,Task succeeded with attempt attempt_1701312551309_0121_m_000000_0,007ded00,Task succeeded with attempt <*>,['attempt_1701312551309_0121_m_000000_0']
167,2023-11-30,12:27:07,129,INFO,[AsyncDispatcher event handler] org.apache.hadoop.mapreduce.v2.app.job.impl.TaskImpl,task_1701312551309_0121_m_000000 Task Transitioned from RUNNING to SUCCEEDED,d231a1af,task_<*>_<*>_m_<*> Task Transitioned from <*> to <*>,"['1701312551309_0121', '000000', 'RUNNING', 'SUCCEEDED']"
168,2023-11-30,12:27:07,130,INFO,[AsyncDispatcher event handler] org.apache.hadoop.mapreduce.v2.app.job.impl.TaskImpl,Task succeeded with attempt attempt_1701312551309_0121_m_000008_0,007ded00,Task succeeded with attempt <*>,['attempt_1701312551309_0121_m_000008_0']
169,2023-11-30,12:27:07,130,INFO,[AsyncDispatcher event handler] org.apache.hadoop.mapreduce.v2.app.job.impl.TaskImpl,task_1701312551309_0121_m_000008 Task Transitioned from RUNNING to SUCCEEDED,d231a1af,task_<*>_<*>_m_<*> Task Transitioned from <*> to <*>,"['1701312551309_0121', '000008', 'RUNNING', 'SUCCEEDED']"
170,2023-11-30,12:27:07,132,INFO,[AsyncDispatcher event handler] org.apache.hadoop.mapreduce.v2.app.job.impl.JobImpl,Num completed Tasks: 1,3a2741bf,Num completed Tasks: <*>,['1']
171,2023-11-30,12:27:07,132,INFO,[AsyncDispatcher event handler] org.apache.hadoop.mapreduce.v2.app.job.impl.JobImpl,Num completed Tasks: 2,3a2741bf,Num completed Tasks: <*>,['2']
172,2023-11-30,12:27:07,364,INFO,[IPC Server handler 0 on default port 36097] org.apache.hadoop.mapred.TaskAttemptListenerImpl,Progress of TaskAttempt attempt_1701312551309_0121_m_000004_0 is : 1.0,b53b8ef4,Progress of TaskAttempt <*> is : <*>.<*>,"['attempt_1701312551309_0121_m_000004_0', '1.0']"
173,2023-11-30,12:27:07,370,INFO,[IPC Server handler 1 on default port 36097] org.apache.hadoop.mapred.TaskAttemptListenerImpl,Done acknowledgment from attempt_1701312551309_0121_m_000004_0,6995e31f,Done acknowledgment from <*>,['attempt_1701312551309_0121_m_000004_0']
174,2023-11-30,12:27:07,373,INFO,[AsyncDispatcher event handler] org.apache.hadoop.mapreduce.v2.app.job.impl.TaskAttemptImpl,attempt_1701312551309_0121_m_000004_0 TaskAttempt Transitioned from RUNNING to SUCCESS_FINISHING_CONTAINER,590bd861,attempt_<*>_<*>_m_<*>_<*> TaskAttempt Transitioned from <*> to <*>,"['1701312551309_0121', '000004_0', 'RUNNING', 'SUCCESS_FINISHING_CONTAINER']"
175,2023-11-30,12:27:07,374,INFO,[AsyncDispatcher event handler] org.apache.hadoop.mapreduce.v2.app.job.impl.TaskImpl,Task succeeded with attempt attempt_1701312551309_0121_m_000004_0,007ded00,Task succeeded with attempt <*>,['attempt_1701312551309_0121_m_000004_0']
176,2023-11-30,12:27:07,374,INFO,[AsyncDispatcher event handler] org.apache.hadoop.mapreduce.v2.app.job.impl.TaskImpl,task_1701312551309_0121_m_000004 Task Transitioned from RUNNING to SUCCEEDED,d231a1af,task_<*>_<*>_m_<*> Task Transitioned from <*> to <*>,"['1701312551309_0121', '000004', 'RUNNING', 'SUCCEEDED']"
177,2023-11-30,12:27:07,374,INFO,[AsyncDispatcher event handler] org.apache.hadoop.mapreduce.v2.app.job.impl.JobImpl,Num completed Tasks: 3,3a2741bf,Num completed Tasks: <*>,['3']
178,2023-11-30,12:27:07,419,INFO,[RMCommunicator Allocator] org.apache.hadoop.mapreduce.v2.app.rm.RMContainerAllocator,Before Scheduling: PendingReds:1 ScheduledMaps:7 ScheduledReds:0 AssignedMaps:3 AssignedReds:0 CompletedMaps:3 CompletedReds:0 ContAlloc:3 ContRel:0 HostLocal:3 RackLocal:0,f3cfcdcd,Before Scheduling: PendingReds:<*> ScheduledMaps:<*> ScheduledReds:<*> AssignedMaps:<*> AssignedReds:<*> CompletedMaps:<*> CompletedReds:<*> ContAlloc:<*> ContRel:<*> HostLocal:<*> RackLocal:<*>,"['1', '7', '0', '3', '0', '3', '0', '3', '0', '3', '0']"
179,2023-11-30,12:27:07,422,INFO,[RMCommunicator Allocator] org.apache.hadoop.mapreduce.v2.app.rm.RMContainerAllocator,"Recalculating schedule, headroom=<memory:2048, vCores:19>",e856e146,"Recalculating schedule, headroom=<memory:<*>, vCores:<*>>","['2048', '19>']"
180,2023-11-30,12:27:07,422,INFO,[RMCommunicator Allocator] org.apache.hadoop.mapreduce.v2.app.rm.RMContainerAllocator,Reduce slow start threshold reached. Scheduling reduces.,ec6b84b4,Reduce slow start threshold reached. Scheduling reduces.,[]
181,2023-11-30,12:27:07,422,INFO,[RMCommunicator Allocator] org.apache.hadoop.mapreduce.v2.app.rm.RMContainerAllocator,"completedMapPercent 0.3 totalResourceLimit:<memory:17408, vCores:22> finalMapResourceLimit:<memory:12186, vCores:16> finalReduceResourceLimit:<memory:5222, vCores:6> netScheduledMapResource:<memory:51200, vCores:10> netScheduledReduceResource:<memory:0, vCores:0>",1885a18a,"completedMapPercent <*>.<*> totalResourceLimit:<memory:<*>, vCores:<*>> finalMapResourceLimit:<memory:<*>, vCores:<*>> finalReduceResourceLimit:<memory:<*>, vCores:<*>> netScheduledMapResource:<memory:<*>, vCores:<*>> netScheduledReduceResource:<memory:<*>, vCores:<*>>","['0.3', '17408', '22>', '12186', '16>', '5222', '6>', '51200', '10>', '0', '0>']"
182,2023-11-30,12:27:07,422,INFO,[RMCommunicator Allocator] org.apache.hadoop.mapreduce.v2.app.rm.RMContainerAllocator,Ramping up 1,abfa93dd,Ramping up <*>,['1']
183,2023-11-30,12:27:07,423,INFO,[RMCommunicator Allocator] org.apache.hadoop.mapreduce.v2.app.rm.RMContainerAllocator,After Scheduling: PendingReds:0 ScheduledMaps:7 ScheduledReds:1 AssignedMaps:3 AssignedReds:0 CompletedMaps:3 CompletedReds:0 ContAlloc:3 ContRel:0 HostLocal:3 RackLocal:0,b1bdc9c9,After Scheduling: PendingReds:<*> ScheduledMaps:<*> ScheduledReds:<*> AssignedMaps:<*> AssignedReds:<*> CompletedMaps:<*> CompletedReds:<*> ContAlloc:<*> ContRel:<*> HostLocal:<*> RackLocal:<*>,"['0', '7', '1', '3', '0', '3', '0', '3', '0', '3', '0']"
184,2023-11-30,12:27:08,442,INFO,[RMCommunicator Allocator] org.apache.hadoop.mapreduce.v2.app.rm.RMContainerRequestor,"getResources() for application_1701312551309_0121: ask=1 release= 0 newContainers=3 finishedContainers=3 resourcelimit=<memory:2048, vCores:19> knownNMs=3",6d3d97fc,"getResources() for application_<*>_<*>: ask=<*> release= <*> newContainers=<*> finishedContainers=<*> resourcelimit=<memory:<*>, vCores:<*>> knownNMs=<*>","['1701312551309_0121', '1', '0', '3', '3', '2048', '19>', '3']"
185,2023-11-30,12:27:08,442,INFO,[RMCommunicator Allocator] org.apache.hadoop.mapreduce.v2.app.rm.RMContainerAllocator,Received completed container container_1701312551309_0121_01_000004,279694a4,Received completed container container_<*>_<*>_<*>_<*>,"['1701312551309', '0121_01_000004']"
186,2023-11-30,12:27:08,443,INFO,[RMCommunicator Allocator] org.apache.hadoop.mapreduce.v2.app.rm.RMContainerAllocator,Received completed container container_1701312551309_0121_01_000002,279694a4,Received completed container container_<*>_<*>_<*>_<*>,"['1701312551309', '0121_01_000002']"
187,2023-11-30,12:27:08,443,INFO,[RMCommunicator Allocator] org.apache.hadoop.mapreduce.v2.app.rm.RMContainerAllocator,Received completed container container_1701312551309_0121_01_000006,279694a4,Received completed container container_<*>_<*>_<*>_<*>,"['1701312551309', '0121_01_000006']"
188,2023-11-30,12:27:08,443,INFO,[RMCommunicator Allocator] org.apache.hadoop.mapreduce.v2.app.rm.RMContainerAllocator,Got allocated containers 3,0f71bb1f,Got allocated containers <*>,['3']
189,2023-11-30,12:27:08,444,INFO,[AsyncDispatcher event handler] org.apache.hadoop.mapreduce.v2.app.job.impl.TaskAttemptImpl,Diagnostics report from attempt_1701312551309_0121_m_000008_0:,cdaa1ea7,Diagnostics report from attempt_<*>_<*>_m_<*>_<*>:,"['1701312551309_0121', '000008_0']"
190,2023-11-30,12:27:08,444,INFO,[RMCommunicator Allocator] org.apache.hadoop.mapreduce.v2.app.rm.RMContainerAllocator,Assigned container container_1701312551309_0121_01_000003 to attempt_1701312551309_0121_m_000001_0,99dd87cd,Assigned container container_<*>_<*>_<*>_<*> to <*>,"['1701312551309', '0121_01_000003', 'attempt_1701312551309_0121_m_000001_0']"
191,2023-11-30,12:27:08,444,INFO,[RMCommunicator Allocator] org.apache.hadoop.mapreduce.v2.app.rm.RMContainerAllocator,Assigned container container_1701312551309_0121_01_000007 to attempt_1701312551309_0121_m_000009_0,99dd87cd,Assigned container container_<*>_<*>_<*>_<*> to <*>,"['1701312551309', '0121_01_000007', 'attempt_1701312551309_0121_m_000009_0']"
192,2023-11-30,12:27:08,444,INFO,[AsyncDispatcher event handler] org.apache.hadoop.mapreduce.v2.app.job.impl.TaskAttemptImpl,attempt_1701312551309_0121_m_000008_0 TaskAttempt Transitioned from SUCCESS_FINISHING_CONTAINER to SUCCEEDED,590bd861,attempt_<*>_<*>_m_<*>_<*> TaskAttempt Transitioned from <*> to <*>,"['1701312551309_0121', '000008_0', 'SUCCESS_FINISHING_CONTAINER', 'SUCCEEDED']"
193,2023-11-30,12:27:08,444,INFO,[RMCommunicator Allocator] org.apache.hadoop.mapreduce.v2.app.rm.RMContainerAllocator,Assigned container container_1701312551309_0121_01_000008 to attempt_1701312551309_0121_m_000005_0,99dd87cd,Assigned container container_<*>_<*>_<*>_<*> to <*>,"['1701312551309', '0121_01_000008', 'attempt_1701312551309_0121_m_000005_0']"
194,2023-11-30,12:27:08,444,INFO,[AsyncDispatcher event handler] org.apache.hadoop.mapreduce.v2.app.job.impl.TaskAttemptImpl,Diagnostics report from attempt_1701312551309_0121_m_000000_0:,cdaa1ea7,Diagnostics report from attempt_<*>_<*>_m_<*>_<*>:,"['1701312551309_0121', '000000_0']"
195,2023-11-30,12:27:08,445,INFO,[RMCommunicator Allocator] org.apache.hadoop.mapreduce.v2.app.rm.RMContainerAllocator,After Scheduling: PendingReds:0 ScheduledMaps:4 ScheduledReds:1 AssignedMaps:3 AssignedReds:0 CompletedMaps:3 CompletedReds:0 ContAlloc:6 ContRel:0 HostLocal:6 RackLocal:0,b1bdc9c9,After Scheduling: PendingReds:<*> ScheduledMaps:<*> ScheduledReds:<*> AssignedMaps:<*> AssignedReds:<*> CompletedMaps:<*> CompletedReds:<*> ContAlloc:<*> ContRel:<*> HostLocal:<*> RackLocal:<*>,"['0', '4', '1', '3', '0', '3', '0', '6', '0', '6', '0']"
196,2023-11-30,12:27:08,445,INFO,[AsyncDispatcher event handler] org.apache.hadoop.mapreduce.v2.app.job.impl.TaskAttemptImpl,attempt_1701312551309_0121_m_000000_0 TaskAttempt Transitioned from SUCCESS_FINISHING_CONTAINER to SUCCEEDED,590bd861,attempt_<*>_<*>_m_<*>_<*> TaskAttempt Transitioned from <*> to <*>,"['1701312551309_0121', '000000_0', 'SUCCESS_FINISHING_CONTAINER', 'SUCCEEDED']"
197,2023-11-30,12:27:08,445,INFO,[AsyncDispatcher event handler] org.apache.hadoop.mapreduce.v2.app.job.impl.TaskAttemptImpl,Diagnostics report from attempt_1701312551309_0121_m_000004_0:,cdaa1ea7,Diagnostics report from attempt_<*>_<*>_m_<*>_<*>:,"['1701312551309_0121', '000004_0']"
198,2023-11-30,12:27:08,445,INFO,[AsyncDispatcher event handler] org.apache.hadoop.mapreduce.v2.app.job.impl.TaskAttemptImpl,attempt_1701312551309_0121_m_000004_0 TaskAttempt Transitioned from SUCCESS_FINISHING_CONTAINER to SUCCEEDED,590bd861,attempt_<*>_<*>_m_<*>_<*> TaskAttempt Transitioned from <*> to <*>,"['1701312551309_0121', '000004_0', 'SUCCESS_FINISHING_CONTAINER', 'SUCCEEDED']"
199,2023-11-30,12:27:08,448,INFO,[AsyncDispatcher event handler] org.apache.hadoop.mapreduce.v2.app.job.impl.TaskAttemptImpl,attempt_1701312551309_0121_m_000001_0 TaskAttempt Transitioned from UNASSIGNED to ASSIGNED,590bd861,attempt_<*>_<*>_m_<*>_<*> TaskAttempt Transitioned from <*> to <*>,"['1701312551309_0121', '000001_0', 'UNASSIGNED', 'ASSIGNED']"
200,2023-11-30,12:27:08,451,INFO,[AsyncDispatcher event handler] org.apache.hadoop.mapreduce.v2.app.job.impl.TaskAttemptImpl,attempt_1701312551309_0121_m_000009_0 TaskAttempt Transitioned from UNASSIGNED to ASSIGNED,590bd861,attempt_<*>_<*>_m_<*>_<*> TaskAttempt Transitioned from <*> to <*>,"['1701312551309_0121', '000009_0', 'UNASSIGNED', 'ASSIGNED']"
201,2023-11-30,12:27:08,452,INFO,[ContainerLauncher #3] org.apache.hadoop.mapreduce.v2.app.launcher.ContainerLauncherImpl,Processing the event EventType: CONTAINER_COMPLETED for container container_1701312551309_0121_01_000004 taskAttempt attempt_1701312551309_0121_m_000008_0,36fc78d1,Processing the event EventType: <*> for container container_<*>_<*>_<*>_<*> taskAttempt <*>,"['CONTAINER_COMPLETED', '1701312551309', '0121_01_000004', 'attempt_1701312551309_0121_m_000008_0']"
202,2023-11-30,12:27:08,453,INFO,[AsyncDispatcher event handler] org.apache.hadoop.mapreduce.v2.app.job.impl.TaskAttemptImpl,attempt_1701312551309_0121_m_000005_0 TaskAttempt Transitioned from UNASSIGNED to ASSIGNED,590bd861,attempt_<*>_<*>_m_<*>_<*> TaskAttempt Transitioned from <*> to <*>,"['1701312551309_0121', '000005_0', 'UNASSIGNED', 'ASSIGNED']"
203,2023-11-30,12:27:08,454,INFO,[ContainerLauncher #4] org.apache.hadoop.mapreduce.v2.app.launcher.ContainerLauncherImpl,Processing the event EventType: CONTAINER_COMPLETED for container container_1701312551309_0121_01_000002 taskAttempt attempt_1701312551309_0121_m_000000_0,36fc78d1,Processing the event EventType: <*> for container container_<*>_<*>_<*>_<*> taskAttempt <*>,"['CONTAINER_COMPLETED', '1701312551309', '0121_01_000002', 'attempt_1701312551309_0121_m_000000_0']"
204,2023-11-30,12:27:08,455,INFO,[ContainerLauncher #5] org.apache.hadoop.mapreduce.v2.app.launcher.ContainerLauncherImpl,Processing the event EventType: CONTAINER_COMPLETED for container container_1701312551309_0121_01_000006 taskAttempt attempt_1701312551309_0121_m_000004_0,36fc78d1,Processing the event EventType: <*> for container container_<*>_<*>_<*>_<*> taskAttempt <*>,"['CONTAINER_COMPLETED', '1701312551309', '0121_01_000006', 'attempt_1701312551309_0121_m_000004_0']"
205,2023-11-30,12:27:08,455,INFO,[ContainerLauncher #6] org.apache.hadoop.mapreduce.v2.app.launcher.ContainerLauncherImpl,Processing the event EventType: CONTAINER_REMOTE_LAUNCH for container container_1701312551309_0121_01_000003 taskAttempt attempt_1701312551309_0121_m_000001_0,36fc78d1,Processing the event EventType: <*> for container container_<*>_<*>_<*>_<*> taskAttempt <*>,"['CONTAINER_REMOTE_LAUNCH', '1701312551309', '0121_01_000003', 'attempt_1701312551309_0121_m_000001_0']"
206,2023-11-30,12:27:08,455,INFO,[ContainerLauncher #6] org.apache.hadoop.mapreduce.v2.app.launcher.ContainerLauncherImpl,Launching attempt_1701312551309_0121_m_000001_0,df347da1,Launching <*>,['attempt_1701312551309_0121_m_000001_0']
207,2023-11-30,12:27:08,456,INFO,[ContainerLauncher #7] org.apache.hadoop.mapreduce.v2.app.launcher.ContainerLauncherImpl,Processing the event EventType: CONTAINER_REMOTE_LAUNCH for container container_1701312551309_0121_01_000007 taskAttempt attempt_1701312551309_0121_m_000009_0,36fc78d1,Processing the event EventType: <*> for container container_<*>_<*>_<*>_<*> taskAttempt <*>,"['CONTAINER_REMOTE_LAUNCH', '1701312551309', '0121_01_000007', 'attempt_1701312551309_0121_m_000009_0']"
208,2023-11-30,12:27:08,456,INFO,[ContainerLauncher #7] org.apache.hadoop.mapreduce.v2.app.launcher.ContainerLauncherImpl,Launching attempt_1701312551309_0121_m_000009_0,df347da1,Launching <*>,['attempt_1701312551309_0121_m_000009_0']
209,2023-11-30,12:27:08,456,INFO,[ContainerLauncher #8] org.apache.hadoop.mapreduce.v2.app.launcher.ContainerLauncherImpl,Processing the event EventType: CONTAINER_REMOTE_LAUNCH for container container_1701312551309_0121_01_000008 taskAttempt attempt_1701312551309_0121_m_000005_0,36fc78d1,Processing the event EventType: <*> for container container_<*>_<*>_<*>_<*> taskAttempt <*>,"['CONTAINER_REMOTE_LAUNCH', '1701312551309', '0121_01_000008', 'attempt_1701312551309_0121_m_000005_0']"
210,2023-11-30,12:27:08,457,INFO,[ContainerLauncher #8] org.apache.hadoop.mapreduce.v2.app.launcher.ContainerLauncherImpl,Launching attempt_1701312551309_0121_m_000005_0,df347da1,Launching <*>,['attempt_1701312551309_0121_m_000005_0']
211,2023-11-30,12:27:08,475,INFO,[ContainerLauncher #6] org.apache.hadoop.mapreduce.v2.app.launcher.ContainerLauncherImpl,Shuffle port returned by ContainerManager for attempt_1701312551309_0121_m_000001_0 : 13562,f4ac93f2,Shuffle port returned by ContainerManager for <*> : <*>,"['attempt_1701312551309_0121_m_000001_0', '13562']"
212,2023-11-30,12:27:08,475,INFO,[AsyncDispatcher event handler] org.apache.hadoop.mapreduce.v2.app.job.impl.TaskAttemptImpl,TaskAttempt: [attempt_1701312551309_0121_m_000001_0] using containerId: [container_1701312551309_0121_01_000003 on NM: [cf6e5ca2712c:44973],97232dd5,TaskAttempt: <*> using containerId: [container_<*>_<*>_<*>_<*> on NM: <*>,"['[attempt_1701312551309_0121_m_000001_0]', '1701312551309', '0121_01_000003', '[cf6e5ca2712c:44973]']"
213,2023-11-30,12:27:08,476,INFO,[AsyncDispatcher event handler] org.apache.hadoop.mapreduce.v2.app.job.impl.TaskAttemptImpl,attempt_1701312551309_0121_m_000001_0 TaskAttempt Transitioned from ASSIGNED to RUNNING,590bd861,attempt_<*>_<*>_m_<*>_<*> TaskAttempt Transitioned from <*> to <*>,"['1701312551309_0121', '000001_0', 'ASSIGNED', 'RUNNING']"
214,2023-11-30,12:27:08,476,INFO,[AsyncDispatcher event handler] org.apache.hadoop.mapreduce.v2.app.speculate.DefaultSpeculator,ATTEMPT_START task_1701312551309_0121_m_000001,e215e532,ATTEMPT_START <*>,['task_1701312551309_0121_m_000001']
215,2023-11-30,12:27:08,476,INFO,[AsyncDispatcher event handler] org.apache.hadoop.mapreduce.v2.app.job.impl.TaskImpl,task_1701312551309_0121_m_000001 Task Transitioned from SCHEDULED to RUNNING,d231a1af,task_<*>_<*>_m_<*> Task Transitioned from <*> to <*>,"['1701312551309_0121', '000001', 'SCHEDULED', 'RUNNING']"
216,2023-11-30,12:27:08,480,INFO,[ContainerLauncher #8] org.apache.hadoop.mapreduce.v2.app.launcher.ContainerLauncherImpl,Shuffle port returned by ContainerManager for attempt_1701312551309_0121_m_000005_0 : 13562,f4ac93f2,Shuffle port returned by ContainerManager for <*> : <*>,"['attempt_1701312551309_0121_m_000005_0', '13562']"
217,2023-11-30,12:27:08,481,INFO,[AsyncDispatcher event handler] org.apache.hadoop.mapreduce.v2.app.job.impl.TaskAttemptImpl,TaskAttempt: [attempt_1701312551309_0121_m_000005_0] using containerId: [container_1701312551309_0121_01_000008 on NM: [2f08f873c798:43233],97232dd5,TaskAttempt: <*> using containerId: [container_<*>_<*>_<*>_<*> on NM: <*>,"['[attempt_1701312551309_0121_m_000005_0]', '1701312551309', '0121_01_000008', '[2f08f873c798:43233]']"
218,2023-11-30,12:27:08,481,INFO,[AsyncDispatcher event handler] org.apache.hadoop.mapreduce.v2.app.job.impl.TaskAttemptImpl,attempt_1701312551309_0121_m_000005_0 TaskAttempt Transitioned from ASSIGNED to RUNNING,590bd861,attempt_<*>_<*>_m_<*>_<*> TaskAttempt Transitioned from <*> to <*>,"['1701312551309_0121', '000005_0', 'ASSIGNED', 'RUNNING']"
219,2023-11-30,12:27:08,482,INFO,[AsyncDispatcher event handler] org.apache.hadoop.mapreduce.v2.app.speculate.DefaultSpeculator,ATTEMPT_START task_1701312551309_0121_m_000005,e215e532,ATTEMPT_START <*>,['task_1701312551309_0121_m_000005']
220,2023-11-30,12:27:08,482,INFO,[AsyncDispatcher event handler] org.apache.hadoop.mapreduce.v2.app.job.impl.TaskImpl,task_1701312551309_0121_m_000005 Task Transitioned from SCHEDULED to RUNNING,d231a1af,task_<*>_<*>_m_<*> Task Transitioned from <*> to <*>,"['1701312551309_0121', '000005', 'SCHEDULED', 'RUNNING']"
221,2023-11-30,12:27:08,485,INFO,[ContainerLauncher #7] org.apache.hadoop.mapreduce.v2.app.launcher.ContainerLauncherImpl,Shuffle port returned by ContainerManager for attempt_1701312551309_0121_m_000009_0 : 13562,f4ac93f2,Shuffle port returned by ContainerManager for <*> : <*>,"['attempt_1701312551309_0121_m_000009_0', '13562']"
222,2023-11-30,12:27:08,486,INFO,[AsyncDispatcher event handler] org.apache.hadoop.mapreduce.v2.app.job.impl.TaskAttemptImpl,TaskAttempt: [attempt_1701312551309_0121_m_000009_0] using containerId: [container_1701312551309_0121_01_000007 on NM: [ed761ad59d44:38033],97232dd5,TaskAttempt: <*> using containerId: [container_<*>_<*>_<*>_<*> on NM: <*>,"['[attempt_1701312551309_0121_m_000009_0]', '1701312551309', '0121_01_000007', '[ed761ad59d44:38033]']"
223,2023-11-30,12:27:08,486,INFO,[AsyncDispatcher event handler] org.apache.hadoop.mapreduce.v2.app.job.impl.TaskAttemptImpl,attempt_1701312551309_0121_m_000009_0 TaskAttempt Transitioned from ASSIGNED to RUNNING,590bd861,attempt_<*>_<*>_m_<*>_<*> TaskAttempt Transitioned from <*> to <*>,"['1701312551309_0121', '000009_0', 'ASSIGNED', 'RUNNING']"
224,2023-11-30,12:27:08,486,INFO,[AsyncDispatcher event handler] org.apache.hadoop.mapreduce.v2.app.speculate.DefaultSpeculator,ATTEMPT_START task_1701312551309_0121_m_000009,e215e532,ATTEMPT_START <*>,['task_1701312551309_0121_m_000009']
225,2023-11-30,12:27:08,487,INFO,[AsyncDispatcher event handler] org.apache.hadoop.mapreduce.v2.app.job.impl.TaskImpl,task_1701312551309_0121_m_000009 Task Transitioned from SCHEDULED to RUNNING,d231a1af,task_<*>_<*>_m_<*> Task Transitioned from <*> to <*>,"['1701312551309_0121', '000009', 'SCHEDULED', 'RUNNING']"
226,2023-11-30,12:27:09,448,INFO,[RMCommunicator Allocator] org.apache.hadoop.mapreduce.v2.app.rm.RMContainerRequestor,"getResources() for application_1701312551309_0121: ask=5 release= 0 newContainers=0 finishedContainers=0 resourcelimit=<memory:2048, vCores:19> knownNMs=3",6d3d97fc,"getResources() for application_<*>_<*>: ask=<*> release= <*> newContainers=<*> finishedContainers=<*> resourcelimit=<memory:<*>, vCores:<*>> knownNMs=<*>","['1701312551309_0121', '5', '0', '0', '0', '2048', '19>', '3']"
227,2023-11-30,12:27:09,674,INFO,[Socket Reader #1 for port 0] SecurityLogger.org.apache.hadoop.ipc.Server,Auth successful for job_1701312551309_0121 (auth:SIMPLE) from 2f08f873c798:60896 / 192.161.20.17:60896,d8c9fc3d,Auth successful for job_<*>_<*> (auth:SIMPLE) from <*> / <*>,"['1701312551309_0121', '2f08f873c798:60896', '192.161.20.17:60896']"
228,2023-11-30,12:27:09,687,INFO,[IPC Server handler 2 on default port 36097] org.apache.hadoop.mapred.TaskAttemptListenerImpl,JVM with ID : jvm_1701312551309_0121_m_000008 asked for a task,60675cee,JVM with ID : <*> asked for a task,['jvm_1701312551309_0121_m_000008']
229,2023-11-30,12:27:09,687,INFO,[IPC Server handler 2 on default port 36097] org.apache.hadoop.mapred.TaskAttemptListenerImpl,JVM with ID: jvm_1701312551309_0121_m_000008 given task: attempt_1701312551309_0121_m_000005_0,2a1c144a,JVM with ID: <*> given task: <*>,"['jvm_1701312551309_0121_m_000008', 'attempt_1701312551309_0121_m_000005_0']"
230,2023-11-30,12:27:09,702,INFO,[Socket Reader #1 for port 0] SecurityLogger.org.apache.hadoop.ipc.Server,Auth successful for job_1701312551309_0121 (auth:SIMPLE) from ed761ad59d44:53372 / 192.161.20.23:53372,d8c9fc3d,Auth successful for job_<*>_<*> (auth:SIMPLE) from <*> / <*>,"['1701312551309_0121', 'ed761ad59d44:53372', '192.161.20.23:53372']"
231,2023-11-30,12:27:09,714,INFO,[IPC Server handler 3 on default port 36097] org.apache.hadoop.mapred.TaskAttemptListenerImpl,JVM with ID : jvm_1701312551309_0121_m_000007 asked for a task,60675cee,JVM with ID : <*> asked for a task,['jvm_1701312551309_0121_m_000007']
232,2023-11-30,12:27:09,715,INFO,[IPC Server handler 3 on default port 36097] org.apache.hadoop.mapred.TaskAttemptListenerImpl,JVM with ID: jvm_1701312551309_0121_m_000007 given task: attempt_1701312551309_0121_m_000009_0,2a1c144a,JVM with ID: <*> given task: <*>,"['jvm_1701312551309_0121_m_000007', 'attempt_1701312551309_0121_m_000009_0']"
233,2023-11-30,12:27:09,724,INFO,[Socket Reader #1 for port 0] SecurityLogger.org.apache.hadoop.ipc.Server,Auth successful for job_1701312551309_0121 (auth:SIMPLE) from cf6e5ca2712c:44584 / 192.161.20.5:44584,d8c9fc3d,Auth successful for job_<*>_<*> (auth:SIMPLE) from <*> / <*>,"['1701312551309_0121', 'cf6e5ca2712c:44584', '192.161.20.5:44584']"
234,2023-11-30,12:27:09,738,INFO,[IPC Server handler 4 on default port 36097] org.apache.hadoop.mapred.TaskAttemptListenerImpl,JVM with ID : jvm_1701312551309_0121_m_000003 asked for a task,60675cee,JVM with ID : <*> asked for a task,['jvm_1701312551309_0121_m_000003']
235,2023-11-30,12:27:09,738,INFO,[IPC Server handler 4 on default port 36097] org.apache.hadoop.mapred.TaskAttemptListenerImpl,JVM with ID: jvm_1701312551309_0121_m_000003 given task: attempt_1701312551309_0121_m_000001_0,2a1c144a,JVM with ID: <*> given task: <*>,"['jvm_1701312551309_0121_m_000003', 'attempt_1701312551309_0121_m_000001_0']"
236,2023-11-30,12:27:10,767,INFO,[IPC Server handler 5 on default port 36097] org.apache.hadoop.mapred.TaskAttemptListenerImpl,Progress of TaskAttempt attempt_1701312551309_0121_m_000005_0 is : 0.0,b53b8ef4,Progress of TaskAttempt <*> is : <*>.<*>,"['attempt_1701312551309_0121_m_000005_0', '0.0']"
237,2023-11-30,12:27:10,784,INFO,[IPC Server handler 8 on default port 36097] org.apache.hadoop.mapred.TaskAttemptListenerImpl,Progress of TaskAttempt attempt_1701312551309_0121_m_000001_0 is : 0.0,b53b8ef4,Progress of TaskAttempt <*> is : <*>.<*>,"['attempt_1701312551309_0121_m_000001_0', '0.0']"
238,2023-11-30,12:27:10,822,INFO,[IPC Server handler 6 on default port 36097] org.apache.hadoop.mapred.TaskAttemptListenerImpl,Progress of TaskAttempt attempt_1701312551309_0121_m_000009_0 is : 0.0,b53b8ef4,Progress of TaskAttempt <*> is : <*>.<*>,"['attempt_1701312551309_0121_m_000009_0', '0.0']"
239,2023-11-30,12:27:10,825,INFO,[IPC Server handler 9 on default port 36097] org.apache.hadoop.mapred.TaskAttemptListenerImpl,Progress of TaskAttempt attempt_1701312551309_0121_m_000001_0 is : 1.0,b53b8ef4,Progress of TaskAttempt <*> is : <*>.<*>,"['attempt_1701312551309_0121_m_000001_0', '1.0']"
240,2023-11-30,12:27:10,829,INFO,[IPC Server handler 7 on default port 36097] org.apache.hadoop.mapred.TaskAttemptListenerImpl,Done acknowledgment from attempt_1701312551309_0121_m_000001_0,6995e31f,Done acknowledgment from <*>,['attempt_1701312551309_0121_m_000001_0']
241,2023-11-30,12:27:10,830,INFO,[AsyncDispatcher event handler] org.apache.hadoop.mapreduce.v2.app.job.impl.TaskAttemptImpl,attempt_1701312551309_0121_m_000001_0 TaskAttempt Transitioned from RUNNING to SUCCESS_FINISHING_CONTAINER,590bd861,attempt_<*>_<*>_m_<*>_<*> TaskAttempt Transitioned from <*> to <*>,"['1701312551309_0121', '000001_0', 'RUNNING', 'SUCCESS_FINISHING_CONTAINER']"
242,2023-11-30,12:27:10,831,INFO,[AsyncDispatcher event handler] org.apache.hadoop.mapreduce.v2.app.job.impl.TaskImpl,Task succeeded with attempt attempt_1701312551309_0121_m_000001_0,007ded00,Task succeeded with attempt <*>,['attempt_1701312551309_0121_m_000001_0']
243,2023-11-30,12:27:10,831,INFO,[AsyncDispatcher event handler] org.apache.hadoop.mapreduce.v2.app.job.impl.TaskImpl,task_1701312551309_0121_m_000001 Task Transitioned from RUNNING to SUCCEEDED,d231a1af,task_<*>_<*>_m_<*> Task Transitioned from <*> to <*>,"['1701312551309_0121', '000001', 'RUNNING', 'SUCCEEDED']"
244,2023-11-30,12:27:10,832,INFO,[AsyncDispatcher event handler] org.apache.hadoop.mapreduce.v2.app.job.impl.JobImpl,Num completed Tasks: 4,3a2741bf,Num completed Tasks: <*>,['4']
245,2023-11-30,12:27:10,867,INFO,[IPC Server handler 10 on default port 36097] org.apache.hadoop.mapred.TaskAttemptListenerImpl,Progress of TaskAttempt attempt_1701312551309_0121_m_000009_0 is : 1.0,b53b8ef4,Progress of TaskAttempt <*> is : <*>.<*>,"['attempt_1701312551309_0121_m_000009_0', '1.0']"
246,2023-11-30,12:27:10,872,INFO,[IPC Server handler 11 on default port 36097] org.apache.hadoop.mapred.TaskAttemptListenerImpl,Done acknowledgment from attempt_1701312551309_0121_m_000009_0,6995e31f,Done acknowledgment from <*>,['attempt_1701312551309_0121_m_000009_0']
247,2023-11-30,12:27:10,873,INFO,[AsyncDispatcher event handler] org.apache.hadoop.mapreduce.v2.app.job.impl.TaskAttemptImpl,attempt_1701312551309_0121_m_000009_0 TaskAttempt Transitioned from RUNNING to SUCCESS_FINISHING_CONTAINER,590bd861,attempt_<*>_<*>_m_<*>_<*> TaskAttempt Transitioned from <*> to <*>,"['1701312551309_0121', '000009_0', 'RUNNING', 'SUCCESS_FINISHING_CONTAINER']"
248,2023-11-30,12:27:10,873,INFO,[AsyncDispatcher event handler] org.apache.hadoop.mapreduce.v2.app.job.impl.TaskImpl,Task succeeded with attempt attempt_1701312551309_0121_m_000009_0,007ded00,Task succeeded with attempt <*>,['attempt_1701312551309_0121_m_000009_0']
249,2023-11-30,12:27:10,873,INFO,[AsyncDispatcher event handler] org.apache.hadoop.mapreduce.v2.app.job.impl.TaskImpl,task_1701312551309_0121_m_000009 Task Transitioned from RUNNING to SUCCEEDED,d231a1af,task_<*>_<*>_m_<*> Task Transitioned from <*> to <*>,"['1701312551309_0121', '000009', 'RUNNING', 'SUCCEEDED']"
250,2023-11-30,12:27:10,873,INFO,[AsyncDispatcher event handler] org.apache.hadoop.mapreduce.v2.app.job.impl.JobImpl,Num completed Tasks: 5,3a2741bf,Num completed Tasks: <*>,['5']
251,2023-11-30,12:27:11,072,INFO,[IPC Server handler 14 on default port 36097] org.apache.hadoop.mapred.TaskAttemptListenerImpl,Progress of TaskAttempt attempt_1701312551309_0121_m_000005_0 is : 1.0,b53b8ef4,Progress of TaskAttempt <*> is : <*>.<*>,"['attempt_1701312551309_0121_m_000005_0', '1.0']"
252,2023-11-30,12:27:11,078,INFO,[IPC Server handler 12 on default port 36097] org.apache.hadoop.mapred.TaskAttemptListenerImpl,Done acknowledgment from attempt_1701312551309_0121_m_000005_0,6995e31f,Done acknowledgment from <*>,['attempt_1701312551309_0121_m_000005_0']
253,2023-11-30,12:27:11,080,INFO,[AsyncDispatcher event handler] org.apache.hadoop.mapreduce.v2.app.job.impl.TaskAttemptImpl,attempt_1701312551309_0121_m_000005_0 TaskAttempt Transitioned from RUNNING to SUCCESS_FINISHING_CONTAINER,590bd861,attempt_<*>_<*>_m_<*>_<*> TaskAttempt Transitioned from <*> to <*>,"['1701312551309_0121', '000005_0', 'RUNNING', 'SUCCESS_FINISHING_CONTAINER']"
254,2023-11-30,12:27:11,081,INFO,[AsyncDispatcher event handler] org.apache.hadoop.mapreduce.v2.app.job.impl.TaskImpl,Task succeeded with attempt attempt_1701312551309_0121_m_000005_0,007ded00,Task succeeded with attempt <*>,['attempt_1701312551309_0121_m_000005_0']
255,2023-11-30,12:27:11,081,INFO,[AsyncDispatcher event handler] org.apache.hadoop.mapreduce.v2.app.job.impl.TaskImpl,task_1701312551309_0121_m_000005 Task Transitioned from RUNNING to SUCCEEDED,d231a1af,task_<*>_<*>_m_<*> Task Transitioned from <*> to <*>,"['1701312551309_0121', '000005', 'RUNNING', 'SUCCEEDED']"
256,2023-11-30,12:27:11,082,INFO,[AsyncDispatcher event handler] org.apache.hadoop.mapreduce.v2.app.job.impl.JobImpl,Num completed Tasks: 6,3a2741bf,Num completed Tasks: <*>,['6']
257,2023-11-30,12:27:11,452,INFO,[RMCommunicator Allocator] org.apache.hadoop.mapreduce.v2.app.rm.RMContainerAllocator,Before Scheduling: PendingReds:0 ScheduledMaps:4 ScheduledReds:1 AssignedMaps:3 AssignedReds:0 CompletedMaps:6 CompletedReds:0 ContAlloc:6 ContRel:0 HostLocal:6 RackLocal:0,f3cfcdcd,Before Scheduling: PendingReds:<*> ScheduledMaps:<*> ScheduledReds:<*> AssignedMaps:<*> AssignedReds:<*> CompletedMaps:<*> CompletedReds:<*> ContAlloc:<*> ContRel:<*> HostLocal:<*> RackLocal:<*>,"['0', '4', '1', '3', '0', '6', '0', '6', '0', '6', '0']"
258,2023-11-30,12:27:11,460,INFO,[RMCommunicator Allocator] org.apache.hadoop.mapreduce.v2.app.rm.RMContainerAllocator,Received completed container container_1701312551309_0121_01_000007,279694a4,Received completed container container_<*>_<*>_<*>_<*>,"['1701312551309', '0121_01_000007']"
259,2023-11-30,12:27:11,460,INFO,[RMCommunicator Allocator] org.apache.hadoop.mapreduce.v2.app.rm.RMContainerAllocator,Received completed container container_1701312551309_0121_01_000003,279694a4,Received completed container container_<*>_<*>_<*>_<*>,"['1701312551309', '0121_01_000003']"
260,2023-11-30,12:27:11,460,INFO,[RMCommunicator Allocator] org.apache.hadoop.mapreduce.v2.app.rm.RMContainerAllocator,Got allocated containers 2,0f71bb1f,Got allocated containers <*>,['2']
261,2023-11-30,12:27:11,460,INFO,[AsyncDispatcher event handler] org.apache.hadoop.mapreduce.v2.app.job.impl.TaskAttemptImpl,Diagnostics report from attempt_1701312551309_0121_m_000009_0:,cdaa1ea7,Diagnostics report from attempt_<*>_<*>_m_<*>_<*>:,"['1701312551309_0121', '000009_0']"
262,2023-11-30,12:27:11,460,INFO,[AsyncDispatcher event handler] org.apache.hadoop.mapreduce.v2.app.job.impl.TaskAttemptImpl,attempt_1701312551309_0121_m_000009_0 TaskAttempt Transitioned from SUCCESS_FINISHING_CONTAINER to SUCCEEDED,590bd861,attempt_<*>_<*>_m_<*>_<*> TaskAttempt Transitioned from <*> to <*>,"['1701312551309_0121', '000009_0', 'SUCCESS_FINISHING_CONTAINER', 'SUCCEEDED']"
263,2023-11-30,12:27:11,460,INFO,[RMCommunicator Allocator] org.apache.hadoop.mapreduce.v2.app.rm.RMContainerAllocator,Assigned to reduce,ff65c706,Assigned to reduce,[]
264,2023-11-30,12:27:11,460,INFO,[AsyncDispatcher event handler] org.apache.hadoop.mapreduce.v2.app.job.impl.TaskAttemptImpl,Diagnostics report from attempt_1701312551309_0121_m_000001_0:,cdaa1ea7,Diagnostics report from attempt_<*>_<*>_m_<*>_<*>:,"['1701312551309_0121', '000001_0']"
265,2023-11-30,12:27:11,460,INFO,[AsyncDispatcher event handler] org.apache.hadoop.mapreduce.v2.app.job.impl.TaskAttemptImpl,attempt_1701312551309_0121_m_000001_0 TaskAttempt Transitioned from SUCCESS_FINISHING_CONTAINER to SUCCEEDED,590bd861,attempt_<*>_<*>_m_<*>_<*> TaskAttempt Transitioned from <*> to <*>,"['1701312551309_0121', '000001_0', 'SUCCESS_FINISHING_CONTAINER', 'SUCCEEDED']"
266,2023-11-30,12:27:11,461,INFO,[RMCommunicator Allocator] org.apache.hadoop.mapreduce.v2.app.rm.RMContainerAllocator,Assigned container container_1701312551309_0121_01_000010 to attempt_1701312551309_0121_r_000000_0,99dd87cd,Assigned container container_<*>_<*>_<*>_<*> to <*>,"['1701312551309', '0121_01_000010', 'attempt_1701312551309_0121_r_000000_0']"
267,2023-11-30,12:27:11,461,INFO,[RMCommunicator Allocator] org.apache.hadoop.mapreduce.v2.app.rm.RMContainerAllocator,Assigned container container_1701312551309_0121_01_000011 to attempt_1701312551309_0121_m_000002_0,99dd87cd,Assigned container container_<*>_<*>_<*>_<*> to <*>,"['1701312551309', '0121_01_000011', 'attempt_1701312551309_0121_m_000002_0']"
268,2023-11-30,12:27:11,461,INFO,[RMCommunicator Allocator] org.apache.hadoop.mapreduce.v2.app.rm.RMContainerAllocator,After Scheduling: PendingReds:0 ScheduledMaps:3 ScheduledReds:0 AssignedMaps:2 AssignedReds:1 CompletedMaps:6 CompletedReds:0 ContAlloc:8 ContRel:0 HostLocal:6 RackLocal:1,b1bdc9c9,After Scheduling: PendingReds:<*> ScheduledMaps:<*> ScheduledReds:<*> AssignedMaps:<*> AssignedReds:<*> CompletedMaps:<*> CompletedReds:<*> ContAlloc:<*> ContRel:<*> HostLocal:<*> RackLocal:<*>,"['0', '3', '0', '2', '1', '6', '0', '8', '0', '6', '1']"
269,2023-11-30,12:27:11,462,INFO,[ContainerLauncher #0] org.apache.hadoop.mapreduce.v2.app.launcher.ContainerLauncherImpl,Processing the event EventType: CONTAINER_COMPLETED for container container_1701312551309_0121_01_000003 taskAttempt attempt_1701312551309_0121_m_000001_0,36fc78d1,Processing the event EventType: <*> for container container_<*>_<*>_<*>_<*> taskAttempt <*>,"['CONTAINER_COMPLETED', '1701312551309', '0121_01_000003', 'attempt_1701312551309_0121_m_000001_0']"
270,2023-11-30,12:27:11,462,INFO,[ContainerLauncher #9] org.apache.hadoop.mapreduce.v2.app.launcher.ContainerLauncherImpl,Processing the event EventType: CONTAINER_COMPLETED for container container_1701312551309_0121_01_000007 taskAttempt attempt_1701312551309_0121_m_000009_0,36fc78d1,Processing the event EventType: <*> for container container_<*>_<*>_<*>_<*> taskAttempt <*>,"['CONTAINER_COMPLETED', '1701312551309', '0121_01_000007', 'attempt_1701312551309_0121_m_000009_0']"
271,2023-11-30,12:27:11,477,INFO,[AsyncDispatcher event handler] org.apache.hadoop.mapreduce.v2.app.job.impl.TaskAttemptImpl,attempt_1701312551309_0121_r_000000_0 TaskAttempt Transitioned from UNASSIGNED to ASSIGNED,500abf63,attempt_<*>_<*>_r_<*>_<*> TaskAttempt Transitioned from <*> to <*>,"['1701312551309_0121', '000000_0', 'UNASSIGNED', 'ASSIGNED']"
272,2023-11-30,12:27:11,479,INFO,[AsyncDispatcher event handler] org.apache.hadoop.mapreduce.v2.app.job.impl.TaskAttemptImpl,attempt_1701312551309_0121_m_000002_0 TaskAttempt Transitioned from UNASSIGNED to ASSIGNED,590bd861,attempt_<*>_<*>_m_<*>_<*> TaskAttempt Transitioned from <*> to <*>,"['1701312551309_0121', '000002_0', 'UNASSIGNED', 'ASSIGNED']"
273,2023-11-30,12:27:11,480,INFO,[ContainerLauncher #1] org.apache.hadoop.mapreduce.v2.app.launcher.ContainerLauncherImpl,Processing the event EventType: CONTAINER_REMOTE_LAUNCH for container container_1701312551309_0121_01_000010 taskAttempt attempt_1701312551309_0121_r_000000_0,36fc78d1,Processing the event EventType: <*> for container container_<*>_<*>_<*>_<*> taskAttempt <*>,"['CONTAINER_REMOTE_LAUNCH', '1701312551309', '0121_01_000010', 'attempt_1701312551309_0121_r_000000_0']"
274,2023-11-30,12:27:11,480,INFO,[ContainerLauncher #2] org.apache.hadoop.mapreduce.v2.app.launcher.ContainerLauncherImpl,Processing the event EventType: CONTAINER_REMOTE_LAUNCH for container container_1701312551309_0121_01_000011 taskAttempt attempt_1701312551309_0121_m_000002_0,36fc78d1,Processing the event EventType: <*> for container container_<*>_<*>_<*>_<*> taskAttempt <*>,"['CONTAINER_REMOTE_LAUNCH', '1701312551309', '0121_01_000011', 'attempt_1701312551309_0121_m_000002_0']"
275,2023-11-30,12:27:11,480,INFO,[ContainerLauncher #1] org.apache.hadoop.mapreduce.v2.app.launcher.ContainerLauncherImpl,Launching attempt_1701312551309_0121_r_000000_0,df347da1,Launching <*>,['attempt_1701312551309_0121_r_000000_0']
276,2023-11-30,12:27:11,480,INFO,[ContainerLauncher #2] org.apache.hadoop.mapreduce.v2.app.launcher.ContainerLauncherImpl,Launching attempt_1701312551309_0121_m_000002_0,df347da1,Launching <*>,['attempt_1701312551309_0121_m_000002_0']
277,2023-11-30,12:27:11,497,INFO,[ContainerLauncher #1] org.apache.hadoop.mapreduce.v2.app.launcher.ContainerLauncherImpl,Shuffle port returned by ContainerManager for attempt_1701312551309_0121_r_000000_0 : 13562,f4ac93f2,Shuffle port returned by ContainerManager for <*> : <*>,"['attempt_1701312551309_0121_r_000000_0', '13562']"
278,2023-11-30,12:27:11,497,INFO,[AsyncDispatcher event handler] org.apache.hadoop.mapreduce.v2.app.job.impl.TaskAttemptImpl,TaskAttempt: [attempt_1701312551309_0121_r_000000_0] using containerId: [container_1701312551309_0121_01_000010 on NM: [cf6e5ca2712c:44973],97232dd5,TaskAttempt: <*> using containerId: [container_<*>_<*>_<*>_<*> on NM: <*>,"['[attempt_1701312551309_0121_r_000000_0]', '1701312551309', '0121_01_000010', '[cf6e5ca2712c:44973]']"
279,2023-11-30,12:27:11,497,INFO,[AsyncDispatcher event handler] org.apache.hadoop.mapreduce.v2.app.job.impl.TaskAttemptImpl,attempt_1701312551309_0121_r_000000_0 TaskAttempt Transitioned from ASSIGNED to RUNNING,500abf63,attempt_<*>_<*>_r_<*>_<*> TaskAttempt Transitioned from <*> to <*>,"['1701312551309_0121', '000000_0', 'ASSIGNED', 'RUNNING']"
280,2023-11-30,12:27:11,498,INFO,[AsyncDispatcher event handler] org.apache.hadoop.mapreduce.v2.app.speculate.DefaultSpeculator,ATTEMPT_START task_1701312551309_0121_r_000000,e215e532,ATTEMPT_START <*>,['task_1701312551309_0121_r_000000']
281,2023-11-30,12:27:11,498,INFO,[AsyncDispatcher event handler] org.apache.hadoop.mapreduce.v2.app.job.impl.TaskImpl,task_1701312551309_0121_r_000000 Task Transitioned from SCHEDULED to RUNNING,a55d23fc,task_<*>_<*>_r_<*> Task Transitioned from <*> to <*>,"['1701312551309_0121', '000000', 'SCHEDULED', 'RUNNING']"
282,2023-11-30,12:27:11,502,INFO,[ContainerLauncher #2] org.apache.hadoop.mapreduce.v2.app.launcher.ContainerLauncherImpl,Shuffle port returned by ContainerManager for attempt_1701312551309_0121_m_000002_0 : 13562,f4ac93f2,Shuffle port returned by ContainerManager for <*> : <*>,"['attempt_1701312551309_0121_m_000002_0', '13562']"
283,2023-11-30,12:27:11,502,INFO,[AsyncDispatcher event handler] org.apache.hadoop.mapreduce.v2.app.job.impl.TaskAttemptImpl,TaskAttempt: [attempt_1701312551309_0121_m_000002_0] using containerId: [container_1701312551309_0121_01_000011 on NM: [ed761ad59d44:38033],97232dd5,TaskAttempt: <*> using containerId: [container_<*>_<*>_<*>_<*> on NM: <*>,"['[attempt_1701312551309_0121_m_000002_0]', '1701312551309', '0121_01_000011', '[ed761ad59d44:38033]']"
284,2023-11-30,12:27:11,502,INFO,[AsyncDispatcher event handler] org.apache.hadoop.mapreduce.v2.app.job.impl.TaskAttemptImpl,attempt_1701312551309_0121_m_000002_0 TaskAttempt Transitioned from ASSIGNED to RUNNING,590bd861,attempt_<*>_<*>_m_<*>_<*> TaskAttempt Transitioned from <*> to <*>,"['1701312551309_0121', '000002_0', 'ASSIGNED', 'RUNNING']"
285,2023-11-30,12:27:11,503,INFO,[AsyncDispatcher event handler] org.apache.hadoop.mapreduce.v2.app.speculate.DefaultSpeculator,ATTEMPT_START task_1701312551309_0121_m_000002,e215e532,ATTEMPT_START <*>,['task_1701312551309_0121_m_000002']
286,2023-11-30,12:27:11,503,INFO,[AsyncDispatcher event handler] org.apache.hadoop.mapreduce.v2.app.job.impl.TaskImpl,task_1701312551309_0121_m_000002 Task Transitioned from SCHEDULED to RUNNING,d231a1af,task_<*>_<*>_m_<*> Task Transitioned from <*> to <*>,"['1701312551309_0121', '000002', 'SCHEDULED', 'RUNNING']"
287,2023-11-30,12:27:12,466,INFO,[RMCommunicator Allocator] org.apache.hadoop.mapreduce.v2.app.rm.RMContainerRequestor,"getResources() for application_1701312551309_0121: ask=4 release= 0 newContainers=1 finishedContainers=1 resourcelimit=<memory:2048, vCores:19> knownNMs=3",6d3d97fc,"getResources() for application_<*>_<*>: ask=<*> release= <*> newContainers=<*> finishedContainers=<*> resourcelimit=<memory:<*>, vCores:<*>> knownNMs=<*>","['1701312551309_0121', '4', '0', '1', '1', '2048', '19>', '3']"
288,2023-11-30,12:27:12,466,INFO,[RMCommunicator Allocator] org.apache.hadoop.mapreduce.v2.app.rm.RMContainerAllocator,Received completed container container_1701312551309_0121_01_000008,279694a4,Received completed container container_<*>_<*>_<*>_<*>,"['1701312551309', '0121_01_000008']"
289,2023-11-30,12:27:12,466,INFO,[RMCommunicator Allocator] org.apache.hadoop.mapreduce.v2.app.rm.RMContainerAllocator,Got allocated containers 1,0f71bb1f,Got allocated containers <*>,['1']
290,2023-11-30,12:27:12,466,INFO,[AsyncDispatcher event handler] org.apache.hadoop.mapreduce.v2.app.job.impl.TaskAttemptImpl,Diagnostics report from attempt_1701312551309_0121_m_000005_0:,cdaa1ea7,Diagnostics report from attempt_<*>_<*>_m_<*>_<*>:,"['1701312551309_0121', '000005_0']"
291,2023-11-30,12:27:12,466,INFO,[AsyncDispatcher event handler] org.apache.hadoop.mapreduce.v2.app.job.impl.TaskAttemptImpl,attempt_1701312551309_0121_m_000005_0 TaskAttempt Transitioned from SUCCESS_FINISHING_CONTAINER to SUCCEEDED,590bd861,attempt_<*>_<*>_m_<*>_<*> TaskAttempt Transitioned from <*> to <*>,"['1701312551309_0121', '000005_0', 'SUCCESS_FINISHING_CONTAINER', 'SUCCEEDED']"
292,2023-11-30,12:27:12,467,INFO,[RMCommunicator Allocator] org.apache.hadoop.mapreduce.v2.app.rm.RMContainerAllocator,Assigned container container_1701312551309_0121_01_000009 to attempt_1701312551309_0121_m_000006_0,99dd87cd,Assigned container container_<*>_<*>_<*>_<*> to <*>,"['1701312551309', '0121_01_000009', 'attempt_1701312551309_0121_m_000006_0']"
293,2023-11-30,12:27:12,467,INFO,[RMCommunicator Allocator] org.apache.hadoop.mapreduce.v2.app.rm.RMContainerAllocator,After Scheduling: PendingReds:0 ScheduledMaps:2 ScheduledReds:0 AssignedMaps:2 AssignedReds:1 CompletedMaps:6 CompletedReds:0 ContAlloc:9 ContRel:0 HostLocal:7 RackLocal:1,b1bdc9c9,After Scheduling: PendingReds:<*> ScheduledMaps:<*> ScheduledReds:<*> AssignedMaps:<*> AssignedReds:<*> CompletedMaps:<*> CompletedReds:<*> ContAlloc:<*> ContRel:<*> HostLocal:<*> RackLocal:<*>,"['0', '2', '0', '2', '1', '6', '0', '9', '0', '7', '1']"
294,2023-11-30,12:27:12,467,INFO,[ContainerLauncher #3] org.apache.hadoop.mapreduce.v2.app.launcher.ContainerLauncherImpl,Processing the event EventType: CONTAINER_COMPLETED for container container_1701312551309_0121_01_000008 taskAttempt attempt_1701312551309_0121_m_000005_0,36fc78d1,Processing the event EventType: <*> for container container_<*>_<*>_<*>_<*> taskAttempt <*>,"['CONTAINER_COMPLETED', '1701312551309', '0121_01_000008', 'attempt_1701312551309_0121_m_000005_0']"
295,2023-11-30,12:27:12,470,INFO,[AsyncDispatcher event handler] org.apache.hadoop.mapreduce.v2.app.job.impl.TaskAttemptImpl,attempt_1701312551309_0121_m_000006_0 TaskAttempt Transitioned from UNASSIGNED to ASSIGNED,590bd861,attempt_<*>_<*>_m_<*>_<*> TaskAttempt Transitioned from <*> to <*>,"['1701312551309_0121', '000006_0', 'UNASSIGNED', 'ASSIGNED']"
296,2023-11-30,12:27:12,470,INFO,[ContainerLauncher #4] org.apache.hadoop.mapreduce.v2.app.launcher.ContainerLauncherImpl,Processing the event EventType: CONTAINER_REMOTE_LAUNCH for container container_1701312551309_0121_01_000009 taskAttempt attempt_1701312551309_0121_m_000006_0,36fc78d1,Processing the event EventType: <*> for container container_<*>_<*>_<*>_<*> taskAttempt <*>,"['CONTAINER_REMOTE_LAUNCH', '1701312551309', '0121_01_000009', 'attempt_1701312551309_0121_m_000006_0']"
297,2023-11-30,12:27:12,470,INFO,[ContainerLauncher #4] org.apache.hadoop.mapreduce.v2.app.launcher.ContainerLauncherImpl,Launching attempt_1701312551309_0121_m_000006_0,df347da1,Launching <*>,['attempt_1701312551309_0121_m_000006_0']
298,2023-11-30,12:27:12,481,INFO,[ContainerLauncher #4] org.apache.hadoop.mapreduce.v2.app.launcher.ContainerLauncherImpl,Shuffle port returned by ContainerManager for attempt_1701312551309_0121_m_000006_0 : 13562,f4ac93f2,Shuffle port returned by ContainerManager for <*> : <*>,"['attempt_1701312551309_0121_m_000006_0', '13562']"
299,2023-11-30,12:27:12,482,INFO,[AsyncDispatcher event handler] org.apache.hadoop.mapreduce.v2.app.job.impl.TaskAttemptImpl,TaskAttempt: [attempt_1701312551309_0121_m_000006_0] using containerId: [container_1701312551309_0121_01_000009 on NM: [2f08f873c798:43233],97232dd5,TaskAttempt: <*> using containerId: [container_<*>_<*>_<*>_<*> on NM: <*>,"['[attempt_1701312551309_0121_m_000006_0]', '1701312551309', '0121_01_000009', '[2f08f873c798:43233]']"
300,2023-11-30,12:27:12,482,INFO,[AsyncDispatcher event handler] org.apache.hadoop.mapreduce.v2.app.job.impl.TaskAttemptImpl,attempt_1701312551309_0121_m_000006_0 TaskAttempt Transitioned from ASSIGNED to RUNNING,590bd861,attempt_<*>_<*>_m_<*>_<*> TaskAttempt Transitioned from <*> to <*>,"['1701312551309_0121', '000006_0', 'ASSIGNED', 'RUNNING']"
301,2023-11-30,12:27:12,482,INFO,[AsyncDispatcher event handler] org.apache.hadoop.mapreduce.v2.app.speculate.DefaultSpeculator,ATTEMPT_START task_1701312551309_0121_m_000006,e215e532,ATTEMPT_START <*>,['task_1701312551309_0121_m_000006']
302,2023-11-30,12:27:12,482,INFO,[AsyncDispatcher event handler] org.apache.hadoop.mapreduce.v2.app.job.impl.TaskImpl,task_1701312551309_0121_m_000006 Task Transitioned from SCHEDULED to RUNNING,d231a1af,task_<*>_<*>_m_<*> Task Transitioned from <*> to <*>,"['1701312551309_0121', '000006', 'SCHEDULED', 'RUNNING']"
303,2023-11-30,12:27:12,657,INFO,[Socket Reader #1 for port 0] SecurityLogger.org.apache.hadoop.ipc.Server,Auth successful for job_1701312551309_0121 (auth:SIMPLE) from cf6e5ca2712c:44594 / 192.161.20.5:44594,d8c9fc3d,Auth successful for job_<*>_<*> (auth:SIMPLE) from <*> / <*>,"['1701312551309_0121', 'cf6e5ca2712c:44594', '192.161.20.5:44594']"
304,2023-11-30,12:27:12,669,INFO,[IPC Server handler 2 on default port 36097] org.apache.hadoop.mapred.TaskAttemptListenerImpl,JVM with ID : jvm_1701312551309_0121_r_000010 asked for a task,60675cee,JVM with ID : <*> asked for a task,['jvm_1701312551309_0121_r_000010']
305,2023-11-30,12:27:12,669,INFO,[IPC Server handler 2 on default port 36097] org.apache.hadoop.mapred.TaskAttemptListenerImpl,JVM with ID: jvm_1701312551309_0121_r_000010 given task: attempt_1701312551309_0121_r_000000_0,2a1c144a,JVM with ID: <*> given task: <*>,"['jvm_1701312551309_0121_r_000010', 'attempt_1701312551309_0121_r_000000_0']"
306,2023-11-30,12:27:12,738,INFO,[Socket Reader #1 for port 0] SecurityLogger.org.apache.hadoop.ipc.Server,Auth successful for job_1701312551309_0121 (auth:SIMPLE) from ed761ad59d44:53376 / 192.161.20.23:53376,d8c9fc3d,Auth successful for job_<*>_<*> (auth:SIMPLE) from <*> / <*>,"['1701312551309_0121', 'ed761ad59d44:53376', '192.161.20.23:53376']"
307,2023-11-30,12:27:12,750,INFO,[IPC Server handler 5 on default port 36097] org.apache.hadoop.mapred.TaskAttemptListenerImpl,JVM with ID : jvm_1701312551309_0121_m_000011 asked for a task,60675cee,JVM with ID : <*> asked for a task,['jvm_1701312551309_0121_m_000011']
308,2023-11-30,12:27:12,751,INFO,[IPC Server handler 5 on default port 36097] org.apache.hadoop.mapred.TaskAttemptListenerImpl,JVM with ID: jvm_1701312551309_0121_m_000011 given task: attempt_1701312551309_0121_m_000002_0,2a1c144a,JVM with ID: <*> given task: <*>,"['jvm_1701312551309_0121_m_000011', 'attempt_1701312551309_0121_m_000002_0']"
309,2023-11-30,12:27:13,470,INFO,[RMCommunicator Allocator] org.apache.hadoop.mapreduce.v2.app.rm.RMContainerRequestor,"getResources() for application_1701312551309_0121: ask=3 release= 0 newContainers=0 finishedContainers=0 resourcelimit=<memory:2048, vCores:19> knownNMs=3",6d3d97fc,"getResources() for application_<*>_<*>: ask=<*> release= <*> newContainers=<*> finishedContainers=<*> resourcelimit=<memory:<*>, vCores:<*>> knownNMs=<*>","['1701312551309_0121', '3', '0', '0', '0', '2048', '19>', '3']"
310,2023-11-30,12:27:13,520,INFO,[IPC Server handler 2 on default port 36097] org.apache.hadoop.mapred.TaskAttemptListenerImpl,MapCompletionEvents request from attempt_1701312551309_0121_r_000000_0. startIndex 0 maxEvents 10000,f13d7a4d,MapCompletionEvents request from attempt_<*>_<*>_r_<*>_<*>. startIndex <*> maxEvents <*>,"['1701312551309_0121', '000000_0', '0', '10000']"
311,2023-11-30,12:27:13,645,INFO,[Socket Reader #1 for port 0] SecurityLogger.org.apache.hadoop.ipc.Server,Auth successful for job_1701312551309_0121 (auth:SIMPLE) from 2f08f873c798:60906 / 192.161.20.17:60906,d8c9fc3d,Auth successful for job_<*>_<*> (auth:SIMPLE) from <*> / <*>,"['1701312551309_0121', '2f08f873c798:60906', '192.161.20.17:60906']"
312,2023-11-30,12:27:13,656,INFO,[IPC Server handler 3 on default port 36097] org.apache.hadoop.mapred.TaskAttemptListenerImpl,JVM with ID : jvm_1701312551309_0121_m_000009 asked for a task,60675cee,JVM with ID : <*> asked for a task,['jvm_1701312551309_0121_m_000009']
313,2023-11-30,12:27:13,656,INFO,[IPC Server handler 3 on default port 36097] org.apache.hadoop.mapred.TaskAttemptListenerImpl,JVM with ID: jvm_1701312551309_0121_m_000009 given task: attempt_1701312551309_0121_m_000006_0,2a1c144a,JVM with ID: <*> given task: <*>,"['jvm_1701312551309_0121_m_000009', 'attempt_1701312551309_0121_m_000006_0']"
314,2023-11-30,12:27:13,841,INFO,[IPC Server handler 10 on default port 36097] org.apache.hadoop.mapred.TaskAttemptListenerImpl,Progress of TaskAttempt attempt_1701312551309_0121_m_000002_0 is : 0.0,b53b8ef4,Progress of TaskAttempt <*> is : <*>.<*>,"['attempt_1701312551309_0121_m_000002_0', '0.0']"
315,2023-11-30,12:27:13,882,INFO,[IPC Server handler 14 on default port 36097] org.apache.hadoop.mapred.TaskAttemptListenerImpl,Progress of TaskAttempt attempt_1701312551309_0121_m_000002_0 is : 1.0,b53b8ef4,Progress of TaskAttempt <*> is : <*>.<*>,"['attempt_1701312551309_0121_m_000002_0', '1.0']"
316,2023-11-30,12:27:13,888,INFO,[IPC Server handler 12 on default port 36097] org.apache.hadoop.mapred.TaskAttemptListenerImpl,Done acknowledgment from attempt_1701312551309_0121_m_000002_0,6995e31f,Done acknowledgment from <*>,['attempt_1701312551309_0121_m_000002_0']
317,2023-11-30,12:27:13,889,INFO,[AsyncDispatcher event handler] org.apache.hadoop.mapreduce.v2.app.job.impl.TaskAttemptImpl,attempt_1701312551309_0121_m_000002_0 TaskAttempt Transitioned from RUNNING to SUCCESS_FINISHING_CONTAINER,590bd861,attempt_<*>_<*>_m_<*>_<*> TaskAttempt Transitioned from <*> to <*>,"['1701312551309_0121', '000002_0', 'RUNNING', 'SUCCESS_FINISHING_CONTAINER']"
318,2023-11-30,12:27:13,889,INFO,[AsyncDispatcher event handler] org.apache.hadoop.mapreduce.v2.app.job.impl.TaskImpl,Task succeeded with attempt attempt_1701312551309_0121_m_000002_0,007ded00,Task succeeded with attempt <*>,['attempt_1701312551309_0121_m_000002_0']
319,2023-11-30,12:27:13,889,INFO,[AsyncDispatcher event handler] org.apache.hadoop.mapreduce.v2.app.job.impl.TaskImpl,task_1701312551309_0121_m_000002 Task Transitioned from RUNNING to SUCCEEDED,d231a1af,task_<*>_<*>_m_<*> Task Transitioned from <*> to <*>,"['1701312551309_0121', '000002', 'RUNNING', 'SUCCEEDED']"
320,2023-11-30,12:27:13,890,INFO,[AsyncDispatcher event handler] org.apache.hadoop.mapreduce.v2.app.job.impl.JobImpl,Num completed Tasks: 7,3a2741bf,Num completed Tasks: <*>,['7']
321,2023-11-30,12:27:14,471,INFO,[RMCommunicator Allocator] org.apache.hadoop.mapreduce.v2.app.rm.RMContainerAllocator,Before Scheduling: PendingReds:0 ScheduledMaps:2 ScheduledReds:0 AssignedMaps:2 AssignedReds:1 CompletedMaps:7 CompletedReds:0 ContAlloc:9 ContRel:0 HostLocal:7 RackLocal:1,f3cfcdcd,Before Scheduling: PendingReds:<*> ScheduledMaps:<*> ScheduledReds:<*> AssignedMaps:<*> AssignedReds:<*> CompletedMaps:<*> CompletedReds:<*> ContAlloc:<*> ContRel:<*> HostLocal:<*> RackLocal:<*>,"['0', '2', '0', '2', '1', '7', '0', '9', '0', '7', '1']"
322,2023-11-30,12:27:14,475,INFO,[RMCommunicator Allocator] org.apache.hadoop.mapreduce.v2.app.rm.RMContainerAllocator,Received completed container container_1701312551309_0121_01_000011,279694a4,Received completed container container_<*>_<*>_<*>_<*>,"['1701312551309', '0121_01_000011']"
323,2023-11-30,12:27:14,475,INFO,[RMCommunicator Allocator] org.apache.hadoop.mapreduce.v2.app.rm.RMContainerAllocator,Got allocated containers 1,0f71bb1f,Got allocated containers <*>,['1']
324,2023-11-30,12:27:14,475,INFO,[AsyncDispatcher event handler] org.apache.hadoop.mapreduce.v2.app.job.impl.TaskAttemptImpl,Diagnostics report from attempt_1701312551309_0121_m_000002_0:,cdaa1ea7,Diagnostics report from attempt_<*>_<*>_m_<*>_<*>:,"['1701312551309_0121', '000002_0']"
325,2023-11-30,12:27:14,475,INFO,[AsyncDispatcher event handler] org.apache.hadoop.mapreduce.v2.app.job.impl.TaskAttemptImpl,attempt_1701312551309_0121_m_000002_0 TaskAttempt Transitioned from SUCCESS_FINISHING_CONTAINER to SUCCEEDED,590bd861,attempt_<*>_<*>_m_<*>_<*> TaskAttempt Transitioned from <*> to <*>,"['1701312551309_0121', '000002_0', 'SUCCESS_FINISHING_CONTAINER', 'SUCCEEDED']"
326,2023-11-30,12:27:14,475,INFO,[RMCommunicator Allocator] org.apache.hadoop.mapreduce.v2.app.rm.RMContainerAllocator,Assigned container container_1701312551309_0121_01_000013 to attempt_1701312551309_0121_m_000003_0,99dd87cd,Assigned container container_<*>_<*>_<*>_<*> to <*>,"['1701312551309', '0121_01_000013', 'attempt_1701312551309_0121_m_000003_0']"
327,2023-11-30,12:27:14,476,INFO,[ContainerLauncher #5] org.apache.hadoop.mapreduce.v2.app.launcher.ContainerLauncherImpl,Processing the event EventType: CONTAINER_COMPLETED for container container_1701312551309_0121_01_000011 taskAttempt attempt_1701312551309_0121_m_000002_0,36fc78d1,Processing the event EventType: <*> for container container_<*>_<*>_<*>_<*> taskAttempt <*>,"['CONTAINER_COMPLETED', '1701312551309', '0121_01_000011', 'attempt_1701312551309_0121_m_000002_0']"
328,2023-11-30,12:27:14,476,INFO,[RMCommunicator Allocator] org.apache.hadoop.mapreduce.v2.app.rm.RMContainerAllocator,After Scheduling: PendingReds:0 ScheduledMaps:1 ScheduledReds:0 AssignedMaps:2 AssignedReds:1 CompletedMaps:7 CompletedReds:0 ContAlloc:10 ContRel:0 HostLocal:7 RackLocal:2,b1bdc9c9,After Scheduling: PendingReds:<*> ScheduledMaps:<*> ScheduledReds:<*> AssignedMaps:<*> AssignedReds:<*> CompletedMaps:<*> CompletedReds:<*> ContAlloc:<*> ContRel:<*> HostLocal:<*> RackLocal:<*>,"['0', '1', '0', '2', '1', '7', '0', '10', '0', '7', '2']"
329,2023-11-30,12:27:14,480,INFO,[AsyncDispatcher event handler] org.apache.hadoop.mapreduce.v2.app.job.impl.TaskAttemptImpl,attempt_1701312551309_0121_m_000003_0 TaskAttempt Transitioned from UNASSIGNED to ASSIGNED,590bd861,attempt_<*>_<*>_m_<*>_<*> TaskAttempt Transitioned from <*> to <*>,"['1701312551309_0121', '000003_0', 'UNASSIGNED', 'ASSIGNED']"
330,2023-11-30,12:27:14,481,INFO,[ContainerLauncher #6] org.apache.hadoop.mapreduce.v2.app.launcher.ContainerLauncherImpl,Processing the event EventType: CONTAINER_REMOTE_LAUNCH for container container_1701312551309_0121_01_000013 taskAttempt attempt_1701312551309_0121_m_000003_0,36fc78d1,Processing the event EventType: <*> for container container_<*>_<*>_<*>_<*> taskAttempt <*>,"['CONTAINER_REMOTE_LAUNCH', '1701312551309', '0121_01_000013', 'attempt_1701312551309_0121_m_000003_0']"
331,2023-11-30,12:27:14,481,INFO,[ContainerLauncher #6] org.apache.hadoop.mapreduce.v2.app.launcher.ContainerLauncherImpl,Launching attempt_1701312551309_0121_m_000003_0,df347da1,Launching <*>,['attempt_1701312551309_0121_m_000003_0']
332,2023-11-30,12:27:14,498,INFO,[ContainerLauncher #6] org.apache.hadoop.mapreduce.v2.app.launcher.ContainerLauncherImpl,Shuffle port returned by ContainerManager for attempt_1701312551309_0121_m_000003_0 : 13562,f4ac93f2,Shuffle port returned by ContainerManager for <*> : <*>,"['attempt_1701312551309_0121_m_000003_0', '13562']"
333,2023-11-30,12:27:14,498,INFO,[AsyncDispatcher event handler] org.apache.hadoop.mapreduce.v2.app.job.impl.TaskAttemptImpl,TaskAttempt: [attempt_1701312551309_0121_m_000003_0] using containerId: [container_1701312551309_0121_01_000013 on NM: [ed761ad59d44:38033],97232dd5,TaskAttempt: <*> using containerId: [container_<*>_<*>_<*>_<*> on NM: <*>,"['[attempt_1701312551309_0121_m_000003_0]', '1701312551309', '0121_01_000013', '[ed761ad59d44:38033]']"
334,2023-11-30,12:27:14,498,INFO,[AsyncDispatcher event handler] org.apache.hadoop.mapreduce.v2.app.job.impl.TaskAttemptImpl,attempt_1701312551309_0121_m_000003_0 TaskAttempt Transitioned from ASSIGNED to RUNNING,590bd861,attempt_<*>_<*>_m_<*>_<*> TaskAttempt Transitioned from <*> to <*>,"['1701312551309_0121', '000003_0', 'ASSIGNED', 'RUNNING']"
335,2023-11-30,12:27:14,499,INFO,[AsyncDispatcher event handler] org.apache.hadoop.mapreduce.v2.app.speculate.DefaultSpeculator,ATTEMPT_START task_1701312551309_0121_m_000003,e215e532,ATTEMPT_START <*>,['task_1701312551309_0121_m_000003']
336,2023-11-30,12:27:14,499,INFO,[AsyncDispatcher event handler] org.apache.hadoop.mapreduce.v2.app.job.impl.TaskImpl,task_1701312551309_0121_m_000003 Task Transitioned from SCHEDULED to RUNNING,d231a1af,task_<*>_<*>_m_<*> Task Transitioned from <*> to <*>,"['1701312551309_0121', '000003', 'SCHEDULED', 'RUNNING']"
337,2023-11-30,12:27:14,536,INFO,[IPC Server handler 3 on default port 36097] org.apache.hadoop.mapred.TaskAttemptListenerImpl,MapCompletionEvents request from attempt_1701312551309_0121_r_000000_0. startIndex 6 maxEvents 10000,f13d7a4d,MapCompletionEvents request from attempt_<*>_<*>_r_<*>_<*>. startIndex <*> maxEvents <*>,"['1701312551309_0121', '000000_0', '6', '10000']"
338,2023-11-30,12:27:14,692,INFO,[IPC Server handler 4 on default port 36097] org.apache.hadoop.mapred.TaskAttemptListenerImpl,Progress of TaskAttempt attempt_1701312551309_0121_m_000006_0 is : 0.0,b53b8ef4,Progress of TaskAttempt <*> is : <*>.<*>,"['attempt_1701312551309_0121_m_000006_0', '0.0']"
339,2023-11-30,12:27:14,950,INFO,[IPC Server handler 15 on default port 36097] org.apache.hadoop.mapred.TaskAttemptListenerImpl,Progress of TaskAttempt attempt_1701312551309_0121_m_000006_0 is : 1.0,b53b8ef4,Progress of TaskAttempt <*> is : <*>.<*>,"['attempt_1701312551309_0121_m_000006_0', '1.0']"
340,2023-11-30,12:27:14,956,INFO,[IPC Server handler 17 on default port 36097] org.apache.hadoop.mapred.TaskAttemptListenerImpl,Done acknowledgment from attempt_1701312551309_0121_m_000006_0,6995e31f,Done acknowledgment from <*>,['attempt_1701312551309_0121_m_000006_0']
341,2023-11-30,12:27:14,958,INFO,[AsyncDispatcher event handler] org.apache.hadoop.mapreduce.v2.app.job.impl.TaskAttemptImpl,attempt_1701312551309_0121_m_000006_0 TaskAttempt Transitioned from RUNNING to SUCCESS_FINISHING_CONTAINER,590bd861,attempt_<*>_<*>_m_<*>_<*> TaskAttempt Transitioned from <*> to <*>,"['1701312551309_0121', '000006_0', 'RUNNING', 'SUCCESS_FINISHING_CONTAINER']"
342,2023-11-30,12:27:14,958,INFO,[AsyncDispatcher event handler] org.apache.hadoop.mapreduce.v2.app.job.impl.TaskImpl,Task succeeded with attempt attempt_1701312551309_0121_m_000006_0,007ded00,Task succeeded with attempt <*>,['attempt_1701312551309_0121_m_000006_0']
343,2023-11-30,12:27:14,959,INFO,[AsyncDispatcher event handler] org.apache.hadoop.mapreduce.v2.app.job.impl.TaskImpl,task_1701312551309_0121_m_000006 Task Transitioned from RUNNING to SUCCEEDED,d231a1af,task_<*>_<*>_m_<*> Task Transitioned from <*> to <*>,"['1701312551309_0121', '000006', 'RUNNING', 'SUCCEEDED']"
344,2023-11-30,12:27:14,959,INFO,[AsyncDispatcher event handler] org.apache.hadoop.mapreduce.v2.app.job.impl.JobImpl,Num completed Tasks: 8,3a2741bf,Num completed Tasks: <*>,['8']
345,2023-11-30,12:27:15,476,INFO,[RMCommunicator Allocator] org.apache.hadoop.mapreduce.v2.app.rm.RMContainerAllocator,Before Scheduling: PendingReds:0 ScheduledMaps:1 ScheduledReds:0 AssignedMaps:2 AssignedReds:1 CompletedMaps:8 CompletedReds:0 ContAlloc:10 ContRel:0 HostLocal:7 RackLocal:2,f3cfcdcd,Before Scheduling: PendingReds:<*> ScheduledMaps:<*> ScheduledReds:<*> AssignedMaps:<*> AssignedReds:<*> CompletedMaps:<*> CompletedReds:<*> ContAlloc:<*> ContRel:<*> HostLocal:<*> RackLocal:<*>,"['0', '1', '0', '2', '1', '8', '0', '10', '0', '7', '2']"
346,2023-11-30,12:27:15,480,INFO,[RMCommunicator Allocator] org.apache.hadoop.mapreduce.v2.app.rm.RMContainerRequestor,"getResources() for application_1701312551309_0121: ask=3 release= 0 newContainers=1 finishedContainers=1 resourcelimit=<memory:2048, vCores:19> knownNMs=3",6d3d97fc,"getResources() for application_<*>_<*>: ask=<*> release= <*> newContainers=<*> finishedContainers=<*> resourcelimit=<memory:<*>, vCores:<*>> knownNMs=<*>","['1701312551309_0121', '3', '0', '1', '1', '2048', '19>', '3']"
347,2023-11-30,12:27:15,480,INFO,[RMCommunicator Allocator] org.apache.hadoop.mapreduce.v2.app.rm.RMContainerAllocator,Received completed container container_1701312551309_0121_01_000009,279694a4,Received completed container container_<*>_<*>_<*>_<*>,"['1701312551309', '0121_01_000009']"
348,2023-11-30,12:27:15,480,INFO,[RMCommunicator Allocator] org.apache.hadoop.mapreduce.v2.app.rm.RMContainerAllocator,Got allocated containers 1,0f71bb1f,Got allocated containers <*>,['1']
349,2023-11-30,12:27:15,480,INFO,[AsyncDispatcher event handler] org.apache.hadoop.mapreduce.v2.app.job.impl.TaskAttemptImpl,Diagnostics report from attempt_1701312551309_0121_m_000006_0:,cdaa1ea7,Diagnostics report from attempt_<*>_<*>_m_<*>_<*>:,"['1701312551309_0121', '000006_0']"
350,2023-11-30,12:27:15,481,INFO,[RMCommunicator Allocator] org.apache.hadoop.mapreduce.v2.app.rm.RMContainerAllocator,Assigned container container_1701312551309_0121_01_000014 to attempt_1701312551309_0121_m_000007_0,99dd87cd,Assigned container container_<*>_<*>_<*>_<*> to <*>,"['1701312551309', '0121_01_000014', 'attempt_1701312551309_0121_m_000007_0']"
351,2023-11-30,12:27:15,481,INFO,[RMCommunicator Allocator] org.apache.hadoop.mapreduce.v2.app.rm.RMContainerAllocator,After Scheduling: PendingReds:0 ScheduledMaps:0 ScheduledReds:0 AssignedMaps:2 AssignedReds:1 CompletedMaps:8 CompletedReds:0 ContAlloc:11 ContRel:0 HostLocal:8 RackLocal:2,b1bdc9c9,After Scheduling: PendingReds:<*> ScheduledMaps:<*> ScheduledReds:<*> AssignedMaps:<*> AssignedReds:<*> CompletedMaps:<*> CompletedReds:<*> ContAlloc:<*> ContRel:<*> HostLocal:<*> RackLocal:<*>,"['0', '0', '0', '2', '1', '8', '0', '11', '0', '8', '2']"
352,2023-11-30,12:27:15,481,INFO,[AsyncDispatcher event handler] org.apache.hadoop.mapreduce.v2.app.job.impl.TaskAttemptImpl,attempt_1701312551309_0121_m_000006_0 TaskAttempt Transitioned from SUCCESS_FINISHING_CONTAINER to SUCCEEDED,590bd861,attempt_<*>_<*>_m_<*>_<*> TaskAttempt Transitioned from <*> to <*>,"['1701312551309_0121', '000006_0', 'SUCCESS_FINISHING_CONTAINER', 'SUCCEEDED']"
353,2023-11-30,12:27:15,486,INFO,[AsyncDispatcher event handler] org.apache.hadoop.mapreduce.v2.app.job.impl.TaskAttemptImpl,attempt_1701312551309_0121_m_000007_0 TaskAttempt Transitioned from UNASSIGNED to ASSIGNED,590bd861,attempt_<*>_<*>_m_<*>_<*> TaskAttempt Transitioned from <*> to <*>,"['1701312551309_0121', '000007_0', 'UNASSIGNED', 'ASSIGNED']"
354,2023-11-30,12:27:15,486,INFO,[ContainerLauncher #8] org.apache.hadoop.mapreduce.v2.app.launcher.ContainerLauncherImpl,Processing the event EventType: CONTAINER_COMPLETED for container container_1701312551309_0121_01_000009 taskAttempt attempt_1701312551309_0121_m_000006_0,36fc78d1,Processing the event EventType: <*> for container container_<*>_<*>_<*>_<*> taskAttempt <*>,"['CONTAINER_COMPLETED', '1701312551309', '0121_01_000009', 'attempt_1701312551309_0121_m_000006_0']"
355,2023-11-30,12:27:15,486,INFO,[ContainerLauncher #7] org.apache.hadoop.mapreduce.v2.app.launcher.ContainerLauncherImpl,Processing the event EventType: CONTAINER_REMOTE_LAUNCH for container container_1701312551309_0121_01_000014 taskAttempt attempt_1701312551309_0121_m_000007_0,36fc78d1,Processing the event EventType: <*> for container container_<*>_<*>_<*>_<*> taskAttempt <*>,"['CONTAINER_REMOTE_LAUNCH', '1701312551309', '0121_01_000014', 'attempt_1701312551309_0121_m_000007_0']"
356,2023-11-30,12:27:15,487,INFO,[ContainerLauncher #7] org.apache.hadoop.mapreduce.v2.app.launcher.ContainerLauncherImpl,Launching attempt_1701312551309_0121_m_000007_0,df347da1,Launching <*>,['attempt_1701312551309_0121_m_000007_0']
357,2023-11-30,12:27:15,501,INFO,[ContainerLauncher #7] org.apache.hadoop.mapreduce.v2.app.launcher.ContainerLauncherImpl,Shuffle port returned by ContainerManager for attempt_1701312551309_0121_m_000007_0 : 13562,f4ac93f2,Shuffle port returned by ContainerManager for <*> : <*>,"['attempt_1701312551309_0121_m_000007_0', '13562']"
358,2023-11-30,12:27:15,501,INFO,[AsyncDispatcher event handler] org.apache.hadoop.mapreduce.v2.app.job.impl.TaskAttemptImpl,TaskAttempt: [attempt_1701312551309_0121_m_000007_0] using containerId: [container_1701312551309_0121_01_000014 on NM: [2f08f873c798:43233],97232dd5,TaskAttempt: <*> using containerId: [container_<*>_<*>_<*>_<*> on NM: <*>,"['[attempt_1701312551309_0121_m_000007_0]', '1701312551309', '0121_01_000014', '[2f08f873c798:43233]']"
359,2023-11-30,12:27:15,502,INFO,[AsyncDispatcher event handler] org.apache.hadoop.mapreduce.v2.app.job.impl.TaskAttemptImpl,attempt_1701312551309_0121_m_000007_0 TaskAttempt Transitioned from ASSIGNED to RUNNING,590bd861,attempt_<*>_<*>_m_<*>_<*> TaskAttempt Transitioned from <*> to <*>,"['1701312551309_0121', '000007_0', 'ASSIGNED', 'RUNNING']"
360,2023-11-30,12:27:15,502,INFO,[AsyncDispatcher event handler] org.apache.hadoop.mapreduce.v2.app.speculate.DefaultSpeculator,ATTEMPT_START task_1701312551309_0121_m_000007,e215e532,ATTEMPT_START <*>,['task_1701312551309_0121_m_000007']
361,2023-11-30,12:27:15,502,INFO,[AsyncDispatcher event handler] org.apache.hadoop.mapreduce.v2.app.job.impl.TaskImpl,task_1701312551309_0121_m_000007 Task Transitioned from SCHEDULED to RUNNING,d231a1af,task_<*>_<*>_m_<*> Task Transitioned from <*> to <*>,"['1701312551309_0121', '000007', 'SCHEDULED', 'RUNNING']"
362,2023-11-30,12:27:15,540,INFO,[IPC Server handler 4 on default port 36097] org.apache.hadoop.mapred.TaskAttemptListenerImpl,MapCompletionEvents request from attempt_1701312551309_0121_r_000000_0. startIndex 7 maxEvents 10000,f13d7a4d,MapCompletionEvents request from attempt_<*>_<*>_r_<*>_<*>. startIndex <*> maxEvents <*>,"['1701312551309_0121', '000000_0', '7', '10000']"
363,2023-11-30,12:27:15,797,INFO,[Socket Reader #1 for port 0] SecurityLogger.org.apache.hadoop.ipc.Server,Auth successful for job_1701312551309_0121 (auth:SIMPLE) from ed761ad59d44:53392 / 192.161.20.23:53392,d8c9fc3d,Auth successful for job_<*>_<*> (auth:SIMPLE) from <*> / <*>,"['1701312551309_0121', 'ed761ad59d44:53392', '192.161.20.23:53392']"
364,2023-11-30,12:27:15,809,INFO,[IPC Server handler 6 on default port 36097] org.apache.hadoop.mapred.TaskAttemptListenerImpl,JVM with ID : jvm_1701312551309_0121_m_000013 asked for a task,60675cee,JVM with ID : <*> asked for a task,['jvm_1701312551309_0121_m_000013']
365,2023-11-30,12:27:15,809,INFO,[IPC Server handler 6 on default port 36097] org.apache.hadoop.mapred.TaskAttemptListenerImpl,JVM with ID: jvm_1701312551309_0121_m_000013 given task: attempt_1701312551309_0121_m_000003_0,2a1c144a,JVM with ID: <*> given task: <*>,"['jvm_1701312551309_0121_m_000013', 'attempt_1701312551309_0121_m_000003_0']"
366,2023-11-30,12:27:16,484,INFO,[RMCommunicator Allocator] org.apache.hadoop.mapreduce.v2.app.rm.RMContainerRequestor,"getResources() for application_1701312551309_0121: ask=3 release= 0 newContainers=0 finishedContainers=0 resourcelimit=<memory:2048, vCores:19> knownNMs=3",6d3d97fc,"getResources() for application_<*>_<*>: ask=<*> release= <*> newContainers=<*> finishedContainers=<*> resourcelimit=<memory:<*>, vCores:<*>> knownNMs=<*>","['1701312551309_0121', '3', '0', '0', '0', '2048', '19>', '3']"
367,2023-11-30,12:27:16,545,INFO,[IPC Server handler 5 on default port 36097] org.apache.hadoop.mapred.TaskAttemptListenerImpl,MapCompletionEvents request from attempt_1701312551309_0121_r_000000_0. startIndex 8 maxEvents 10000,f13d7a4d,MapCompletionEvents request from attempt_<*>_<*>_r_<*>_<*>. startIndex <*> maxEvents <*>,"['1701312551309_0121', '000000_0', '8', '10000']"
368,2023-11-30,12:27:16,703,INFO,[Socket Reader #1 for port 0] SecurityLogger.org.apache.hadoop.ipc.Server,Auth successful for job_1701312551309_0121 (auth:SIMPLE) from 2f08f873c798:60916 / 192.161.20.17:60916,d8c9fc3d,Auth successful for job_<*>_<*> (auth:SIMPLE) from <*> / <*>,"['1701312551309_0121', '2f08f873c798:60916', '192.161.20.17:60916']"
369,2023-11-30,12:27:16,715,INFO,[IPC Server handler 8 on default port 36097] org.apache.hadoop.mapred.TaskAttemptListenerImpl,JVM with ID : jvm_1701312551309_0121_m_000014 asked for a task,60675cee,JVM with ID : <*> asked for a task,['jvm_1701312551309_0121_m_000014']
370,2023-11-30,12:27:16,715,INFO,[IPC Server handler 8 on default port 36097] org.apache.hadoop.mapred.TaskAttemptListenerImpl,JVM with ID: jvm_1701312551309_0121_m_000014 given task: attempt_1701312551309_0121_m_000007_0,2a1c144a,JVM with ID: <*> given task: <*>,"['jvm_1701312551309_0121_m_000014', 'attempt_1701312551309_0121_m_000007_0']"
371,2023-11-30,12:27:16,932,INFO,[IPC Server handler 15 on default port 36097] org.apache.hadoop.mapred.TaskAttemptListenerImpl,Progress of TaskAttempt attempt_1701312551309_0121_m_000003_0 is : 0.0,b53b8ef4,Progress of TaskAttempt <*> is : <*>.<*>,"['attempt_1701312551309_0121_m_000003_0', '0.0']"
372,2023-11-30,12:27:16,972,INFO,[IPC Server handler 13 on default port 36097] org.apache.hadoop.mapred.TaskAttemptListenerImpl,Progress of TaskAttempt attempt_1701312551309_0121_m_000003_0 is : 1.0,b53b8ef4,Progress of TaskAttempt <*> is : <*>.<*>,"['attempt_1701312551309_0121_m_000003_0', '1.0']"
373,2023-11-30,12:27:16,977,INFO,[IPC Server handler 16 on default port 36097] org.apache.hadoop.mapred.TaskAttemptListenerImpl,Done acknowledgment from attempt_1701312551309_0121_m_000003_0,6995e31f,Done acknowledgment from <*>,['attempt_1701312551309_0121_m_000003_0']
374,2023-11-30,12:27:16,978,INFO,[AsyncDispatcher event handler] org.apache.hadoop.mapreduce.v2.app.job.impl.TaskAttemptImpl,attempt_1701312551309_0121_m_000003_0 TaskAttempt Transitioned from RUNNING to SUCCESS_FINISHING_CONTAINER,590bd861,attempt_<*>_<*>_m_<*>_<*> TaskAttempt Transitioned from <*> to <*>,"['1701312551309_0121', '000003_0', 'RUNNING', 'SUCCESS_FINISHING_CONTAINER']"
375,2023-11-30,12:27:16,979,INFO,[AsyncDispatcher event handler] org.apache.hadoop.mapreduce.v2.app.job.impl.TaskImpl,Task succeeded with attempt attempt_1701312551309_0121_m_000003_0,007ded00,Task succeeded with attempt <*>,['attempt_1701312551309_0121_m_000003_0']
376,2023-11-30,12:27:16,979,INFO,[AsyncDispatcher event handler] org.apache.hadoop.mapreduce.v2.app.job.impl.TaskImpl,task_1701312551309_0121_m_000003 Task Transitioned from RUNNING to SUCCEEDED,d231a1af,task_<*>_<*>_m_<*> Task Transitioned from <*> to <*>,"['1701312551309_0121', '000003', 'RUNNING', 'SUCCEEDED']"
377,2023-11-30,12:27:16,979,INFO,[AsyncDispatcher event handler] org.apache.hadoop.mapreduce.v2.app.job.impl.JobImpl,Num completed Tasks: 9,3a2741bf,Num completed Tasks: <*>,['9']
378,2023-11-30,12:27:17,485,INFO,[RMCommunicator Allocator] org.apache.hadoop.mapreduce.v2.app.rm.RMContainerAllocator,Before Scheduling: PendingReds:0 ScheduledMaps:0 ScheduledReds:0 AssignedMaps:2 AssignedReds:1 CompletedMaps:9 CompletedReds:0 ContAlloc:11 ContRel:0 HostLocal:8 RackLocal:2,f3cfcdcd,Before Scheduling: PendingReds:<*> ScheduledMaps:<*> ScheduledReds:<*> AssignedMaps:<*> AssignedReds:<*> CompletedMaps:<*> CompletedReds:<*> ContAlloc:<*> ContRel:<*> HostLocal:<*> RackLocal:<*>,"['0', '0', '0', '2', '1', '9', '0', '11', '0', '8', '2']"
379,2023-11-30,12:27:17,488,INFO,[RMCommunicator Allocator] org.apache.hadoop.mapreduce.v2.app.rm.RMContainerAllocator,Received completed container container_1701312551309_0121_01_000013,279694a4,Received completed container container_<*>_<*>_<*>_<*>,"['1701312551309', '0121_01_000013']"
380,2023-11-30,12:27:17,488,INFO,[RMCommunicator Allocator] org.apache.hadoop.mapreduce.v2.app.rm.RMContainerAllocator,After Scheduling: PendingReds:0 ScheduledMaps:0 ScheduledReds:0 AssignedMaps:1 AssignedReds:1 CompletedMaps:9 CompletedReds:0 ContAlloc:11 ContRel:0 HostLocal:8 RackLocal:2,b1bdc9c9,After Scheduling: PendingReds:<*> ScheduledMaps:<*> ScheduledReds:<*> AssignedMaps:<*> AssignedReds:<*> CompletedMaps:<*> CompletedReds:<*> ContAlloc:<*> ContRel:<*> HostLocal:<*> RackLocal:<*>,"['0', '0', '0', '1', '1', '9', '0', '11', '0', '8', '2']"
381,2023-11-30,12:27:17,488,INFO,[AsyncDispatcher event handler] org.apache.hadoop.mapreduce.v2.app.job.impl.TaskAttemptImpl,Diagnostics report from attempt_1701312551309_0121_m_000003_0:,cdaa1ea7,Diagnostics report from attempt_<*>_<*>_m_<*>_<*>:,"['1701312551309_0121', '000003_0']"
382,2023-11-30,12:27:17,488,INFO,[AsyncDispatcher event handler] org.apache.hadoop.mapreduce.v2.app.job.impl.TaskAttemptImpl,attempt_1701312551309_0121_m_000003_0 TaskAttempt Transitioned from SUCCESS_FINISHING_CONTAINER to SUCCEEDED,590bd861,attempt_<*>_<*>_m_<*>_<*> TaskAttempt Transitioned from <*> to <*>,"['1701312551309_0121', '000003_0', 'SUCCESS_FINISHING_CONTAINER', 'SUCCEEDED']"
383,2023-11-30,12:27:17,488,INFO,[ContainerLauncher #0] org.apache.hadoop.mapreduce.v2.app.launcher.ContainerLauncherImpl,Processing the event EventType: CONTAINER_COMPLETED for container container_1701312551309_0121_01_000013 taskAttempt attempt_1701312551309_0121_m_000003_0,36fc78d1,Processing the event EventType: <*> for container container_<*>_<*>_<*>_<*> taskAttempt <*>,"['CONTAINER_COMPLETED', '1701312551309', '0121_01_000013', 'attempt_1701312551309_0121_m_000003_0']"
384,2023-11-30,12:27:17,549,INFO,[IPC Server handler 8 on default port 36097] org.apache.hadoop.mapred.TaskAttemptListenerImpl,MapCompletionEvents request from attempt_1701312551309_0121_r_000000_0. startIndex 8 maxEvents 10000,f13d7a4d,MapCompletionEvents request from attempt_<*>_<*>_r_<*>_<*>. startIndex <*> maxEvents <*>,"['1701312551309_0121', '000000_0', '8', '10000']"
385,2023-11-30,12:27:17,782,INFO,[IPC Server handler 6 on default port 36097] org.apache.hadoop.mapred.TaskAttemptListenerImpl,Progress of TaskAttempt attempt_1701312551309_0121_m_000007_0 is : 0.0,b53b8ef4,Progress of TaskAttempt <*> is : <*>.<*>,"['attempt_1701312551309_0121_m_000007_0', '0.0']"
386,2023-11-30,12:27:18,110,INFO,[IPC Server handler 18 on default port 36097] org.apache.hadoop.mapred.TaskAttemptListenerImpl,Progress of TaskAttempt attempt_1701312551309_0121_m_000007_0 is : 1.0,b53b8ef4,Progress of TaskAttempt <*> is : <*>.<*>,"['attempt_1701312551309_0121_m_000007_0', '1.0']"
387,2023-11-30,12:27:18,121,INFO,[IPC Server handler 20 on default port 36097] org.apache.hadoop.mapred.TaskAttemptListenerImpl,Done acknowledgment from attempt_1701312551309_0121_m_000007_0,6995e31f,Done acknowledgment from <*>,['attempt_1701312551309_0121_m_000007_0']
388,2023-11-30,12:27:18,122,INFO,[AsyncDispatcher event handler] org.apache.hadoop.mapreduce.v2.app.job.impl.TaskAttemptImpl,attempt_1701312551309_0121_m_000007_0 TaskAttempt Transitioned from RUNNING to SUCCESS_FINISHING_CONTAINER,590bd861,attempt_<*>_<*>_m_<*>_<*> TaskAttempt Transitioned from <*> to <*>,"['1701312551309_0121', '000007_0', 'RUNNING', 'SUCCESS_FINISHING_CONTAINER']"
389,2023-11-30,12:27:18,122,INFO,[AsyncDispatcher event handler] org.apache.hadoop.mapreduce.v2.app.job.impl.TaskImpl,Task succeeded with attempt attempt_1701312551309_0121_m_000007_0,007ded00,Task succeeded with attempt <*>,['attempt_1701312551309_0121_m_000007_0']
390,2023-11-30,12:27:18,122,INFO,[AsyncDispatcher event handler] org.apache.hadoop.mapreduce.v2.app.job.impl.TaskImpl,task_1701312551309_0121_m_000007 Task Transitioned from RUNNING to SUCCEEDED,d231a1af,task_<*>_<*>_m_<*> Task Transitioned from <*> to <*>,"['1701312551309_0121', '000007', 'RUNNING', 'SUCCEEDED']"
391,2023-11-30,12:27:18,123,INFO,[AsyncDispatcher event handler] org.apache.hadoop.mapreduce.v2.app.job.impl.JobImpl,Num completed Tasks: 10,3a2741bf,Num completed Tasks: <*>,['10']
392,2023-11-30,12:27:18,488,INFO,[RMCommunicator Allocator] org.apache.hadoop.mapreduce.v2.app.rm.RMContainerAllocator,Before Scheduling: PendingReds:0 ScheduledMaps:0 ScheduledReds:0 AssignedMaps:1 AssignedReds:1 CompletedMaps:10 CompletedReds:0 ContAlloc:11 ContRel:0 HostLocal:8 RackLocal:2,f3cfcdcd,Before Scheduling: PendingReds:<*> ScheduledMaps:<*> ScheduledReds:<*> AssignedMaps:<*> AssignedReds:<*> CompletedMaps:<*> CompletedReds:<*> ContAlloc:<*> ContRel:<*> HostLocal:<*> RackLocal:<*>,"['0', '0', '0', '1', '1', '10', '0', '11', '0', '8', '2']"
393,2023-11-30,12:27:18,555,INFO,[IPC Server handler 6 on default port 36097] org.apache.hadoop.mapred.TaskAttemptListenerImpl,MapCompletionEvents request from attempt_1701312551309_0121_r_000000_0. startIndex 9 maxEvents 10000,f13d7a4d,MapCompletionEvents request from attempt_<*>_<*>_r_<*>_<*>. startIndex <*> maxEvents <*>,"['1701312551309_0121', '000000_0', '9', '10000']"
394,2023-11-30,12:27:18,569,INFO,[IPC Server handler 9 on default port 36097] org.apache.hadoop.mapred.TaskAttemptListenerImpl,Progress of TaskAttempt attempt_1701312551309_0121_r_000000_0 is : 0.0,b53b8ef4,Progress of TaskAttempt <*> is : <*>.<*>,"['attempt_1701312551309_0121_r_000000_0', '0.0']"
395,2023-11-30,12:27:18,844,INFO,[IPC Server handler 10 on default port 36097] org.apache.hadoop.mapred.TaskAttemptListenerImpl,Commit-pending state update from attempt_1701312551309_0121_r_000000_0,cb2920ef,Commit-pending state update from attempt_<*>_<*>_r_<*>_<*>,"['1701312551309_0121', '000000_0']"
396,2023-11-30,12:27:18,845,INFO,[AsyncDispatcher event handler] org.apache.hadoop.mapreduce.v2.app.job.impl.TaskAttemptImpl,attempt_1701312551309_0121_r_000000_0 TaskAttempt Transitioned from RUNNING to COMMIT_PENDING,500abf63,attempt_<*>_<*>_r_<*>_<*> TaskAttempt Transitioned from <*> to <*>,"['1701312551309_0121', '000000_0', 'RUNNING', 'COMMIT_PENDING']"
397,2023-11-30,12:27:18,846,INFO,[AsyncDispatcher event handler] org.apache.hadoop.mapreduce.v2.app.job.impl.TaskImpl,attempt_1701312551309_0121_r_000000_0 given a go for committing the task output.,7fa51f52,attempt_<*>_<*>_r_<*>_<*> given a go for committing the task output.,"['1701312551309_0121', '000000_0']"
398,2023-11-30,12:27:18,848,INFO,[IPC Server handler 11 on default port 36097] org.apache.hadoop.mapred.TaskAttemptListenerImpl,Commit go/no-go request from attempt_1701312551309_0121_r_000000_0,1674f7e3,Commit go/no-go request from attempt_<*>_<*>_r_<*>_<*>,"['1701312551309_0121', '000000_0']"
399,2023-11-30,12:27:18,848,INFO,[IPC Server handler 11 on default port 36097] org.apache.hadoop.mapreduce.v2.app.job.impl.TaskImpl,Result of canCommit for attempt_1701312551309_0121_r_000000_0:true,bca3d632,Result of canCommit for attempt_<*>_<*>_r_<*>_<*>:true,"['1701312551309_0121', '000000_0']"
400,2023-11-30,12:27:18,871,INFO,[IPC Server handler 14 on default port 36097] org.apache.hadoop.mapred.TaskAttemptListenerImpl,Progress of TaskAttempt attempt_1701312551309_0121_r_000000_0 is : 1.0,b53b8ef4,Progress of TaskAttempt <*> is : <*>.<*>,"['attempt_1701312551309_0121_r_000000_0', '1.0']"
401,2023-11-30,12:27:18,878,INFO,[IPC Server handler 12 on default port 36097] org.apache.hadoop.mapred.TaskAttemptListenerImpl,Done acknowledgment from attempt_1701312551309_0121_r_000000_0,6995e31f,Done acknowledgment from <*>,['attempt_1701312551309_0121_r_000000_0']
402,2023-11-30,12:27:18,881,INFO,[AsyncDispatcher event handler] org.apache.hadoop.mapreduce.v2.app.job.impl.TaskAttemptImpl,attempt_1701312551309_0121_r_000000_0 TaskAttempt Transitioned from COMMIT_PENDING to SUCCESS_FINISHING_CONTAINER,500abf63,attempt_<*>_<*>_r_<*>_<*> TaskAttempt Transitioned from <*> to <*>,"['1701312551309_0121', '000000_0', 'COMMIT_PENDING', 'SUCCESS_FINISHING_CONTAINER']"
403,2023-11-30,12:27:18,882,INFO,[AsyncDispatcher event handler] org.apache.hadoop.mapreduce.v2.app.job.impl.TaskImpl,Task succeeded with attempt attempt_1701312551309_0121_r_000000_0,007ded00,Task succeeded with attempt <*>,['attempt_1701312551309_0121_r_000000_0']
404,2023-11-30,12:27:18,882,INFO,[AsyncDispatcher event handler] org.apache.hadoop.mapreduce.v2.app.job.impl.TaskImpl,task_1701312551309_0121_r_000000 Task Transitioned from RUNNING to SUCCEEDED,a55d23fc,task_<*>_<*>_r_<*> Task Transitioned from <*> to <*>,"['1701312551309_0121', '000000', 'RUNNING', 'SUCCEEDED']"
405,2023-11-30,12:27:18,882,INFO,[AsyncDispatcher event handler] org.apache.hadoop.mapreduce.v2.app.job.impl.JobImpl,Num completed Tasks: 11,3a2741bf,Num completed Tasks: <*>,['11']
406,2023-11-30,12:27:18,883,INFO,[AsyncDispatcher event handler] org.apache.hadoop.mapreduce.v2.app.job.impl.JobImpl,job_1701312551309_0121Job Transitioned from RUNNING to COMMITTING,c580e1c3,job_<*>_0121Job Transitioned from <*> to <*>,"['1701312551309', 'RUNNING', 'COMMITTING']"
407,2023-11-30,12:27:18,885,INFO,[CommitterEvent Processor #1] org.apache.hadoop.mapreduce.v2.app.commit.CommitterEventHandler,Processing the event EventType: JOB_COMMIT,8825a75c,Processing the event EventType: <*>,['JOB_COMMIT']
408,2023-11-30,12:27:18,915,INFO,[AsyncDispatcher event handler] org.apache.hadoop.mapreduce.v2.app.job.impl.JobImpl,Calling handler for JobFinishedEvent,81e00d20,Calling handler for JobFinishedEvent,[]
409,2023-11-30,12:27:18,916,INFO,[AsyncDispatcher event handler] org.apache.hadoop.mapreduce.v2.app.job.impl.JobImpl,job_1701312551309_0121Job Transitioned from COMMITTING to SUCCEEDED,c580e1c3,job_<*>_0121Job Transitioned from <*> to <*>,"['1701312551309', 'COMMITTING', 'SUCCEEDED']"
410,2023-11-30,12:27:18,918,INFO,[Thread-90] org.apache.hadoop.mapreduce.v2.app.MRAppMaster,"Job finished cleanly, recording last MRAppMaster retry",ad1a35c9,"Job finished cleanly, recording last MRAppMaster retry",[]
411,2023-11-30,12:27:18,918,INFO,[Thread-90] org.apache.hadoop.mapreduce.v2.app.MRAppMaster,Notify RMCommunicator isAMLastRetry: true,5735d762,Notify <*> isAMLastRetry: true,['RMCommunicator']
412,2023-11-30,12:27:18,918,INFO,[Thread-90] org.apache.hadoop.mapreduce.v2.app.rm.RMCommunicator,RMCommunicator notified that shouldUnregistered is: true,b2ea851d,RMCommunicator notified that shouldUnregistered is: true,[]
413,2023-11-30,12:27:18,918,INFO,[Thread-90] org.apache.hadoop.mapreduce.v2.app.MRAppMaster,Notify JHEH isAMLastRetry: true,5735d762,Notify <*> isAMLastRetry: true,['JHEH']
414,2023-11-30,12:27:18,918,INFO,[Thread-90] org.apache.hadoop.mapreduce.jobhistory.JobHistoryEventHandler,JobHistoryEventHandler notified that forceJobCompletion is true,b288d94f,JobHistoryEventHandler notified that forceJobCompletion is true,[]
415,2023-11-30,12:27:18,918,INFO,[Thread-90] org.apache.hadoop.mapreduce.v2.app.MRAppMaster,Calling stop for all the services,2784eb31,Calling stop for all the services,[]
416,2023-11-30,12:27:18,921,INFO,[Thread-90] org.apache.hadoop.mapreduce.jobhistory.JobHistoryEventHandler,Stopping JobHistoryEventHandler. Size of the outstanding queue size is 0,c02382a8,Stopping JobHistoryEventHandler. Size of the outstanding queue size is <*>,['0']
417,2023-11-30,12:27:18,962,INFO,[eventHandlingThread] org.apache.hadoop.mapreduce.jobhistory.JobHistoryEventHandler,Copying hdfs://2f08f873c798:9000/tmp/hadoop-yarn/staging/root/.staging/job_1701312551309_0121/job_1701312551309_0121_1.jhist to hdfs://2f08f873c798:9000/tmp/hadoop-yarn/staging/history/done_intermediate/root/job_1701312551309_0121-1701318418132-root-TeraSort-1701318438911-10-1-SUCCEEDED-default-1701318422348.jhist_tmp,c1adc692,Copying <*> to <*>,"['hdfs://2f08f873c798:9000/tmp/hadoop-yarn/staging/root/.staging/job_1701312551309_0121/job_1701312551309_0121_1.jhist', 'hdfs://2f08f873c798:9000/tmp/hadoop-yarn/staging/history/done_intermediate/root/job_1701312551309_0121-1701318418132-root-TeraSort-1701318438911-10-1-SUCCEEDED-default-1701318422348.jhist_tmp']"
418,2023-11-30,12:27:18,999,INFO,[eventHandlingThread] org.apache.hadoop.mapreduce.jobhistory.JobHistoryEventHandler,Copied from: hdfs://2f08f873c798:9000/tmp/hadoop-yarn/staging/root/.staging/job_1701312551309_0121/job_1701312551309_0121_1.jhist to done location: hdfs://2f08f873c798:9000/tmp/hadoop-yarn/staging/history/done_intermediate/root/job_1701312551309_0121-1701318418132-root-TeraSort-1701318438911-10-1-SUCCEEDED-default-1701318422348.jhist_tmp,cf0a887f,Copied from: <*> to done location: <*>,"['hdfs://2f08f873c798:9000/tmp/hadoop-yarn/staging/root/.staging/job_1701312551309_0121/job_1701312551309_0121_1.jhist', 'hdfs://2f08f873c798:9000/tmp/hadoop-yarn/staging/history/done_intermediate/root/job_1701312551309_0121-1701318418132-root-TeraSort-1701318438911-10-1-SUCCEEDED-default-1701318422348.jhist_tmp']"
419,2023-11-30,12:27:19,000,INFO,[eventHandlingThread] org.apache.hadoop.mapreduce.jobhistory.JobHistoryEventHandler,Set historyUrl to http://cf6e5ca2712c:19888/jobhistory/job/job_1701312551309_0121,8b21ced7,Set historyUrl to http://cf6e5ca2712c:<*>/jobhistory/job/job_<*>_<*>,"['19888', '1701312551309_0121']"
420,2023-11-30,12:27:19,001,INFO,[eventHandlingThread] org.apache.hadoop.mapreduce.jobhistory.JobHistoryEventHandler,Copying hdfs://2f08f873c798:9000/tmp/hadoop-yarn/staging/root/.staging/job_1701312551309_0121/job_1701312551309_0121_1_conf.xml to hdfs://2f08f873c798:9000/tmp/hadoop-yarn/staging/history/done_intermediate/root/job_1701312551309_0121_conf.xml_tmp,c1adc692,Copying <*> to <*>,"['hdfs://2f08f873c798:9000/tmp/hadoop-yarn/staging/root/.staging/job_1701312551309_0121/job_1701312551309_0121_1_conf.xml', 'hdfs://2f08f873c798:9000/tmp/hadoop-yarn/staging/history/done_intermediate/root/job_1701312551309_0121_conf.xml_tmp']"
421,2023-11-30,12:27:19,019,INFO,[eventHandlingThread] org.apache.hadoop.mapreduce.jobhistory.JobHistoryEventHandler,Copied from: hdfs://2f08f873c798:9000/tmp/hadoop-yarn/staging/root/.staging/job_1701312551309_0121/job_1701312551309_0121_1_conf.xml to done location: hdfs://2f08f873c798:9000/tmp/hadoop-yarn/staging/history/done_intermediate/root/job_1701312551309_0121_conf.xml_tmp,cf0a887f,Copied from: <*> to done location: <*>,"['hdfs://2f08f873c798:9000/tmp/hadoop-yarn/staging/root/.staging/job_1701312551309_0121/job_1701312551309_0121_1_conf.xml', 'hdfs://2f08f873c798:9000/tmp/hadoop-yarn/staging/history/done_intermediate/root/job_1701312551309_0121_conf.xml_tmp']"
422,2023-11-30,12:27:19,024,INFO,[eventHandlingThread] org.apache.hadoop.mapreduce.jobhistory.JobHistoryEventHandler,Moved tmp to done: hdfs://2f08f873c798:9000/tmp/hadoop-yarn/staging/history/done_intermediate/root/job_1701312551309_0121.summary_tmp to hdfs://2f08f873c798:9000/tmp/hadoop-yarn/staging/history/done_intermediate/root/job_1701312551309_0121.summary,cced3af1,Moved tmp to done: <*> to <*>,"['hdfs://2f08f873c798:9000/tmp/hadoop-yarn/staging/history/done_intermediate/root/job_1701312551309_0121.summary_tmp', 'hdfs://2f08f873c798:9000/tmp/hadoop-yarn/staging/history/done_intermediate/root/job_1701312551309_0121.summary']"
423,2023-11-30,12:27:19,026,INFO,[eventHandlingThread] org.apache.hadoop.mapreduce.jobhistory.JobHistoryEventHandler,Moved tmp to done: hdfs://2f08f873c798:9000/tmp/hadoop-yarn/staging/history/done_intermediate/root/job_1701312551309_0121_conf.xml_tmp to hdfs://2f08f873c798:9000/tmp/hadoop-yarn/staging/history/done_intermediate/root/job_1701312551309_0121_conf.xml,cced3af1,Moved tmp to done: <*> to <*>,"['hdfs://2f08f873c798:9000/tmp/hadoop-yarn/staging/history/done_intermediate/root/job_1701312551309_0121_conf.xml_tmp', 'hdfs://2f08f873c798:9000/tmp/hadoop-yarn/staging/history/done_intermediate/root/job_1701312551309_0121_conf.xml']"
424,2023-11-30,12:27:19,027,INFO,[eventHandlingThread] org.apache.hadoop.mapreduce.jobhistory.JobHistoryEventHandler,Moved tmp to done: hdfs://2f08f873c798:9000/tmp/hadoop-yarn/staging/history/done_intermediate/root/job_1701312551309_0121-1701318418132-root-TeraSort-1701318438911-10-1-SUCCEEDED-default-1701318422348.jhist_tmp to hdfs://2f08f873c798:9000/tmp/hadoop-yarn/staging/history/done_intermediate/root/job_1701312551309_0121-1701318418132-root-TeraSort-1701318438911-10-1-SUCCEEDED-default-1701318422348.jhist,cced3af1,Moved tmp to done: <*> to <*>,"['hdfs://2f08f873c798:9000/tmp/hadoop-yarn/staging/history/done_intermediate/root/job_1701312551309_0121-1701318418132-root-TeraSort-1701318438911-10-1-SUCCEEDED-default-1701318422348.jhist_tmp', 'hdfs://2f08f873c798:9000/tmp/hadoop-yarn/staging/history/done_intermediate/root/job_1701312551309_0121-1701318418132-root-TeraSort-1701318438911-10-1-SUCCEEDED-default-1701318422348.jhist']"
425,2023-11-30,12:27:19,028,INFO,[Thread-90] org.apache.hadoop.mapreduce.jobhistory.JobHistoryEventHandler,Stopped JobHistoryEventHandler. super.stop(),6de59625,Stopped JobHistoryEventHandler. super.stop(),[]
426,2023-11-30,12:27:19,030,INFO,[Thread-90] org.apache.hadoop.mapreduce.v2.app.launcher.ContainerLauncherImpl,KILLING attempt_1701312551309_0121_m_000007_0,da04743d,KILLING <*>,['attempt_1701312551309_0121_m_000007_0']
427,2023-11-30,12:27:19,045,INFO,[Thread-90] org.apache.hadoop.mapreduce.v2.app.launcher.ContainerLauncherImpl,KILLING attempt_1701312551309_0121_r_000000_0,da04743d,KILLING <*>,['attempt_1701312551309_0121_r_000000_0']
428,2023-11-30,12:27:19,045,INFO,[AsyncDispatcher event handler] org.apache.hadoop.mapreduce.v2.app.job.impl.TaskAttemptImpl,attempt_1701312551309_0121_m_000007_0 TaskAttempt Transitioned from SUCCESS_FINISHING_CONTAINER to SUCCEEDED,590bd861,attempt_<*>_<*>_m_<*>_<*> TaskAttempt Transitioned from <*> to <*>,"['1701312551309_0121', '000007_0', 'SUCCESS_FINISHING_CONTAINER', 'SUCCEEDED']"
429,2023-11-30,12:27:19,055,INFO,[AsyncDispatcher event handler] org.apache.hadoop.mapreduce.v2.app.job.impl.TaskAttemptImpl,attempt_1701312551309_0121_r_000000_0 TaskAttempt Transitioned from SUCCESS_FINISHING_CONTAINER to SUCCEEDED,500abf63,attempt_<*>_<*>_r_<*>_<*> TaskAttempt Transitioned from <*> to <*>,"['1701312551309_0121', '000000_0', 'SUCCESS_FINISHING_CONTAINER', 'SUCCEEDED']"
430,2023-11-30,12:27:19,060,INFO,[Thread-90] org.apache.hadoop.mapreduce.v2.app.rm.RMCommunicator,Setting job diagnostics to,9ae352d7,Setting job diagnostics to,[]
431,2023-11-30,12:27:19,061,INFO,[Thread-90] org.apache.hadoop.mapreduce.v2.app.rm.RMCommunicator,History url is http://cf6e5ca2712c:19888/jobhistory/job/job_1701312551309_0121,c2c7d257,History url is http://cf6e5ca2712c:<*>/jobhistory/job/job_<*>_<*>,"['19888', '1701312551309_0121']"
432,2023-11-30,12:27:19,066,INFO,[Thread-90] org.apache.hadoop.mapreduce.v2.app.rm.RMCommunicator,Waiting for application to be successfully unregistered.,fd178178,Waiting for application to be successfully unregistered.,[]
433,2023-11-30,12:27:20,068,INFO,[Thread-90] org.apache.hadoop.mapreduce.v2.app.rm.RMContainerAllocator,Final Stats: PendingReds:0 ScheduledMaps:0 ScheduledReds:0 AssignedMaps:1 AssignedReds:1 CompletedMaps:10 CompletedReds:0 ContAlloc:11 ContRel:0 HostLocal:8 RackLocal:2,f88b4e72,Final Stats: PendingReds:<*> ScheduledMaps:<*> ScheduledReds:<*> AssignedMaps:<*> AssignedReds:<*> CompletedMaps:<*> CompletedReds:<*> ContAlloc:<*> ContRel:<*> HostLocal:<*> RackLocal:<*>,"['0', '0', '0', '1', '1', '10', '0', '11', '0', '8', '2']"
434,2023-11-30,12:27:20,071,INFO,[Thread-90] org.apache.hadoop.mapreduce.v2.app.MRAppMaster,Deleting staging directory hdfs://2f08f873c798:9000 /tmp/hadoop-yarn/staging/root/.staging/job_1701312551309_0121,3b7f8573,Deleting staging directory hdfs://2f08f873c798:<*> /tmp/hadoop-yarn/staging/root/.staging/job_<*>_<*>,"['9000', '1701312551309_0121']"
435,2023-11-30,12:27:20,074,INFO,[Thread-90] org.apache.hadoop.ipc.Server,Stopping server on 36097,fa5d86c2,Stopping server on <*>,['36097']
436,2023-11-30,12:27:20,077,INFO,[IPC Server listener on 0] org.apache.hadoop.ipc.Server,Stopping IPC Server listener on 0,da6217eb,Stopping IPC Server listener on <*>,['0']
437,2023-11-30,12:27:20,077,INFO,[IPC Server Responder] org.apache.hadoop.ipc.Server,Stopping IPC Server Responder,8429e6cc,Stopping IPC Server Responder,[]
438,2023-11-30,12:27:20,084,INFO,[TaskHeartbeatHandler PingChecker] org.apache.hadoop.mapreduce.v2.app.TaskHeartbeatHandler,TaskHeartbeatHandler thread interrupted,f495a4dd,TaskHeartbeatHandler thread interrupted,[]
439,2023-11-30,12:27:20,086,INFO,[Ping Checker for TaskAttemptFinishingMonitor] org.apache.hadoop.yarn.util.AbstractLivelinessMonitor,TaskAttemptFinishingMonitor thread interrupted,4594e7ea,TaskAttemptFinishingMonitor thread interrupted,[]
440,2023-11-30,12:27:25,088,INFO,[Thread-90] org.apache.hadoop.ipc.Server,Stopping server on 40323,fa5d86c2,Stopping server on <*>,['40323']
441,2023-11-30,12:27:25,089,INFO,[IPC Server listener on 0] org.apache.hadoop.ipc.Server,Stopping IPC Server listener on 0,da6217eb,Stopping IPC Server listener on <*>,['0']
442,2023-11-30,12:27:25,090,INFO,[IPC Server Responder] org.apache.hadoop.ipc.Server,Stopping IPC Server Responder,8429e6cc,Stopping IPC Server Responder,[]
443,2023-11-30,12:27:25,096,INFO,[Thread-90] org.eclipse.jetty.server.handler.ContextHandler,"Stopped o.e.j.w.WebAppContext@7d8f2eec{mapreduce,/,null,STOPPED}{jar:file:/usr/local/revisedJQF/v8/hadoop-3.3.6/share/hadoop/yarn/hadoop-yarn-common-3.3.6.jar!/webapps/mapreduce}",38c92929,Stopped <*>,"['o.e.j.w.WebAppContext@7d8f2eec{mapreduce,/,null,STOPPED}{jar:file:/usr/local/revisedJQF/v8/hadoop-3.3.6/share/hadoop/yarn/hadoop-yarn-common-3.3.6.jar!/webapps/mapreduce}']"
444,2023-11-30,12:27:25,105,INFO,[Thread-90] org.eclipse.jetty.server.AbstractConnector,"Stopped ServerConnector@7b5b5bfe{HTTP/1.1, (http/1.1)}{0.0.0.0:0}",02796010,"Stopped ServerConnector@7b5b5bfe{HTTP/<*>.<*>, (http/<*>.<*>)}{<*>}","['1.1', '1.1', '0.0.0.0:0']"
445,2023-11-30,12:27:25,106,INFO,[Thread-90] org.eclipse.jetty.server.session,node0 Stopped scavenging,76d635f9,node0 Stopped scavenging,[]
446,2023-11-30,12:27:25,107,INFO,[Thread-90] org.eclipse.jetty.server.handler.ContextHandler,"Stopped o.e.j.s.ServletContextHandler@168b4cb0{static,/static,jar:file:/usr/local/revisedJQF/v8/hadoop-3.3.6/share/hadoop/yarn/hadoop-yarn-common-3.3.6.jar!/webapps/static,STOPPED}",38c92929,Stopped <*>,"['o.e.j.s.ServletContextHandler@168b4cb0{static,/static,jar:file:/usr/local/revisedJQF/v8/hadoop-3.3.6/share/hadoop/yarn/hadoop-yarn-common-3.3.6.jar!/webapps/static,STOPPED}']"
