LineId,Date,Time,Pid,Level,Component,Content,EventId,EventTemplate,ParameterList
1,2023-11-29,00:15:24,239,INFO,[main] org.apache.hadoop.mapreduce.v2.app.MRAppMaster,Created MRAppMaster for application appattempt_1701142038763_0282_000001,19b75bb3,Created MRAppMaster for application appattempt_<*>_<*>_<*>,"['1701142038763', '0282_000001']"
2,2023-11-29,00:15:24,372,INFO,[main] org.apache.hadoop.security.SecurityUtil,Updating Configuration,b6c60981,Updating Configuration,[]
3,2023-11-29,00:15:24,469,INFO,[main] org.apache.hadoop.mapreduce.v2.app.MRAppMaster,"Executing with tokens: [Kind: YARN_AM_RM_TOKEN, Service: , Ident: (appAttemptId { application_id { id: 282 cluster_timestamp: 1701142038763 } attemptId: 1 } keyId: -857926061)]",0cd5c477,"Executing with tokens: [Kind: YARN_AM_RM_TOKEN, Service: , Ident: (appAttemptId { application_id { id: <*> cluster_timestamp: <*> } attemptId: <*> } keyId: <*>)]","['282', '1701142038763', '1', '-857926061']"
4,2023-11-29,00:15:24,498,INFO,[main] org.apache.hadoop.conf.Configuration,found resource resource-types.xml at file:/usr/local/revisedJQF/v8/hadoop-3.3.6/etc/hadoop/resource-types.xml,e22de8d1,found resource resource-types.xml at file:/usr/local/revisedJQF/v8/hadoop-<*>.<*>.<*>/etc/hadoop/resource-types.xml,"['3', '3.6']"
5,2023-11-29,00:15:24,508,INFO,[main] org.apache.hadoop.mapreduce.v2.app.MRAppMaster,Using mapred newApiCommitter.,0594ecc2,Using mapred newApiCommitter.,[]
6,2023-11-29,00:15:24,509,INFO,[main] org.apache.hadoop.mapreduce.v2.app.MRAppMaster,OutputCommitter set in config null,c0c8618d,OutputCommitter set in config null,[]
7,2023-11-29,00:15:24,535,INFO,[main] org.apache.hadoop.mapreduce.lib.output.PathOutputCommitterFactory,"No output committer factory defined, defaulting to FileOutputCommitterFactory",9c2ab4d0,"No output committer factory defined, defaulting to FileOutputCommitterFactory",[]
8,2023-11-29,00:15:24,536,INFO,[main] org.apache.hadoop.mapreduce.lib.output.FileOutputCommitter,File Output Committer Algorithm version is 2,24f60e3d,File Output Committer Algorithm version is <*>,['2']
9,2023-11-29,00:15:24,536,INFO,[main] org.apache.hadoop.mapreduce.lib.output.FileOutputCommitter,"FileOutputCommitter skip cleanup _temporary folders under output directory:false, ignore cleanup failures: false",d1f83c9a,"FileOutputCommitter skip cleanup _temporary folders under output directory:false, ignore cleanup failures: false",[]
10,2023-11-29,00:15:24,901,INFO,[main] org.apache.hadoop.mapreduce.v2.app.MRAppMaster,OutputCommitter is org.apache.hadoop.mapreduce.lib.output.FileOutputCommitter,d79644a2,OutputCommitter is org.apache.hadoop.mapreduce.lib.output.FileOutputCommitter,[]
11,2023-11-29,00:15:25,007,INFO,[main] org.apache.hadoop.yarn.event.AsyncDispatcher,Registering class org.apache.hadoop.mapreduce.jobhistory.EventType for class org.apache.hadoop.mapreduce.jobhistory.JobHistoryEventHandler,3a2b3aef,Registering class <*> for class <*>,"['org.apache.hadoop.mapreduce.jobhistory.EventType', 'org.apache.hadoop.mapreduce.jobhistory.JobHistoryEventHandler']"
12,2023-11-29,00:15:25,007,INFO,[main] org.apache.hadoop.yarn.event.AsyncDispatcher,Registering class org.apache.hadoop.mapreduce.v2.app.job.event.JobEventType for class org.apache.hadoop.mapreduce.v2.app.MRAppMaster$JobEventDispatcher,3a2b3aef,Registering class <*> for class <*>,"['org.apache.hadoop.mapreduce.v2.app.job.event.JobEventType', 'org.apache.hadoop.mapreduce.v2.app.MRAppMaster$JobEventDispatcher']"
13,2023-11-29,00:15:25,008,INFO,[main] org.apache.hadoop.yarn.event.AsyncDispatcher,Registering class org.apache.hadoop.mapreduce.v2.app.job.event.TaskEventType for class org.apache.hadoop.mapreduce.v2.app.MRAppMaster$TaskEventDispatcher,3a2b3aef,Registering class <*> for class <*>,"['org.apache.hadoop.mapreduce.v2.app.job.event.TaskEventType', 'org.apache.hadoop.mapreduce.v2.app.MRAppMaster$TaskEventDispatcher']"
14,2023-11-29,00:15:25,008,INFO,[main] org.apache.hadoop.yarn.event.AsyncDispatcher,Registering class org.apache.hadoop.mapreduce.v2.app.job.event.TaskAttemptEventType for class org.apache.hadoop.mapreduce.v2.app.MRAppMaster$TaskAttemptEventDispatcher,3a2b3aef,Registering class <*> for class <*>,"['org.apache.hadoop.mapreduce.v2.app.job.event.TaskAttemptEventType', 'org.apache.hadoop.mapreduce.v2.app.MRAppMaster$TaskAttemptEventDispatcher']"
15,2023-11-29,00:15:25,009,INFO,[main] org.apache.hadoop.yarn.event.AsyncDispatcher,Registering class org.apache.hadoop.mapreduce.v2.app.commit.CommitterEventType for class org.apache.hadoop.mapreduce.v2.app.commit.CommitterEventHandler,3a2b3aef,Registering class <*> for class <*>,"['org.apache.hadoop.mapreduce.v2.app.commit.CommitterEventType', 'org.apache.hadoop.mapreduce.v2.app.commit.CommitterEventHandler']"
16,2023-11-29,00:15:25,012,INFO,[main] org.apache.hadoop.yarn.event.AsyncDispatcher,Registering class org.apache.hadoop.mapreduce.v2.app.speculate.Speculator$EventType for class org.apache.hadoop.mapreduce.v2.app.MRAppMaster$SpeculatorEventDispatcher,3a2b3aef,Registering class <*> for class <*>,"['org.apache.hadoop.mapreduce.v2.app.speculate.Speculator$EventType', 'org.apache.hadoop.mapreduce.v2.app.MRAppMaster$SpeculatorEventDispatcher']"
17,2023-11-29,00:15:25,012,INFO,[main] org.apache.hadoop.yarn.event.AsyncDispatcher,Registering class org.apache.hadoop.mapreduce.v2.app.rm.ContainerAllocator$EventType for class org.apache.hadoop.mapreduce.v2.app.MRAppMaster$ContainerAllocatorRouter,3a2b3aef,Registering class <*> for class <*>,"['org.apache.hadoop.mapreduce.v2.app.rm.ContainerAllocator$EventType', 'org.apache.hadoop.mapreduce.v2.app.MRAppMaster$ContainerAllocatorRouter']"
18,2023-11-29,00:15:25,013,INFO,[main] org.apache.hadoop.yarn.event.AsyncDispatcher,Registering class org.apache.hadoop.mapreduce.v2.app.launcher.ContainerLauncher$EventType for class org.apache.hadoop.mapreduce.v2.app.MRAppMaster$ContainerLauncherRouter,3a2b3aef,Registering class <*> for class <*>,"['org.apache.hadoop.mapreduce.v2.app.launcher.ContainerLauncher$EventType', 'org.apache.hadoop.mapreduce.v2.app.MRAppMaster$ContainerLauncherRouter']"
19,2023-11-29,00:15:25,033,INFO,[main] org.apache.hadoop.mapreduce.v2.jobhistory.JobHistoryUtils,Default file system [hdfs://2f08f873c798:9000],fb1f4268,Default file system [hdfs://2f08f873c798:<*>],['9000']
20,2023-11-29,00:15:25,046,INFO,[main] org.apache.hadoop.mapreduce.v2.jobhistory.JobHistoryUtils,Default file system [hdfs://2f08f873c798:9000],fb1f4268,Default file system [hdfs://2f08f873c798:<*>],['9000']
21,2023-11-29,00:15:25,058,INFO,[main] org.apache.hadoop.mapreduce.v2.jobhistory.JobHistoryUtils,Default file system [hdfs://2f08f873c798:9000],fb1f4268,Default file system [hdfs://2f08f873c798:<*>],['9000']
22,2023-11-29,00:15:25,065,INFO,[main] org.apache.hadoop.mapreduce.jobhistory.JobHistoryEventHandler,Emitting job history data to the timeline server is not enabled,3a03968c,Emitting job history data to the timeline server is not enabled,[]
23,2023-11-29,00:15:25,093,INFO,[main] org.apache.hadoop.yarn.event.AsyncDispatcher,Registering class org.apache.hadoop.mapreduce.v2.app.job.event.JobFinishEvent$Type for class org.apache.hadoop.mapreduce.v2.app.MRAppMaster$JobFinishEventHandler,3a2b3aef,Registering class <*> for class <*>,"['org.apache.hadoop.mapreduce.v2.app.job.event.JobFinishEvent$Type', 'org.apache.hadoop.mapreduce.v2.app.MRAppMaster$JobFinishEventHandler']"
24,2023-11-29,00:15:25,243,INFO,[main] org.apache.hadoop.metrics2.impl.MetricsConfig,Loaded properties from hadoop-metrics2.properties,7a3d0110,Loaded properties from hadoop-metrics2.properties,[]
25,2023-11-29,00:15:25,302,INFO,[main] org.apache.hadoop.metrics2.impl.MetricsSystemImpl,Scheduled Metric snapshot period at 10 second(s).,becc4e71,Scheduled Metric snapshot period at <*> second(s).,['10']
26,2023-11-29,00:15:25,303,INFO,[main] org.apache.hadoop.metrics2.impl.MetricsSystemImpl,MRAppMaster metrics system started,fc657c96,MRAppMaster metrics system started,[]
27,2023-11-29,00:15:25,308,INFO,[main] org.apache.hadoop.mapreduce.v2.app.job.impl.JobImpl,Adding job token for job_1701142038763_0282 to jobTokenSecretManager,080bfa16,Adding job token for job_<*>_<*> to jobTokenSecretManager,['1701142038763_0282']
28,2023-11-29,00:15:25,402,INFO,[main] org.apache.hadoop.mapreduce.v2.app.job.impl.JobImpl,Not uberizing job_1701142038763_0282 because: not enabled; too many maps; too much RAM;,1351aab1,Not uberizing job_<*>_<*> because: not enabled; too many maps; too much RAM;,['1701142038763_0282']
29,2023-11-29,00:15:25,417,INFO,[main] org.apache.hadoop.mapreduce.v2.app.job.impl.JobImpl,Input size for job job_1701142038763_0282 = 7976. Number of splits = 10,7ee6a6bc,Input size for job job_<*>_<*> = <*>. Number of splits = <*>,"['1701142038763_0282', '7976', '10']"
30,2023-11-29,00:15:25,418,INFO,[main] org.apache.hadoop.mapreduce.v2.app.job.impl.JobImpl,Number of reduces for job job_1701142038763_0282 = 1,691cf50f,Number of reduces for job job_<*>_<*> = <*>,"['1701142038763_0282', '1']"
31,2023-11-29,00:15:25,418,INFO,[main] org.apache.hadoop.mapreduce.v2.app.job.impl.JobImpl,job_1701142038763_0282Job Transitioned from NEW to INITED,a2ced0ad,job_<*>_0282Job Transitioned from <*> to <*>,"['1701142038763', 'NEW', 'INITED']"
32,2023-11-29,00:15:25,419,INFO,[main] org.apache.hadoop.mapreduce.v2.app.MRAppMaster,"MRAppMaster launching normal, non-uberized, multi-container job job_1701142038763_0282.",8cfccb68,"MRAppMaster launching normal, non-uberized, multi-container job job_<*>_<*>.",['1701142038763_0282']
33,2023-11-29,00:15:25,442,INFO,[main] org.apache.hadoop.ipc.CallQueueManager,"Using callQueue: class java.util.concurrent.LinkedBlockingQueue, queueCapacity: 100, scheduler: class org.apache.hadoop.ipc.DefaultRpcScheduler, ipcBackoff: false.",4800a8aa,"Using callQueue: class java.util.concurrent.LinkedBlockingQueue, queueCapacity: <*>, scheduler: class org.apache.hadoop.ipc.DefaultRpcScheduler, ipcBackoff: false.",['100']
34,2023-11-29,00:15:25,448,INFO,[main] org.apache.hadoop.ipc.Server,Listener at 0.0.0.0:42113,55039769,Listener at <*>,['0.0.0.0:42113']
35,2023-11-29,00:15:25,449,INFO,[Socket Reader #1 for port 0] org.apache.hadoop.ipc.Server,Starting Socket Reader #1 for port 0,70066a26,Starting Socket Reader #<*> for port <*>,"['1', '0']"
36,2023-11-29,00:15:25,602,INFO,[main] org.apache.hadoop.yarn.factories.impl.pb.RpcServerFactoryPBImpl,Adding protocol org.apache.hadoop.mapreduce.v2.api.MRClientProtocolPB to the server,8c4d0a72,Adding protocol org.apache.hadoop.mapreduce.v2.api.MRClientProtocolPB to the server,[]
37,2023-11-29,00:15:25,602,INFO,[IPC Server Responder] org.apache.hadoop.ipc.Server,IPC Server Responder: starting,ccc17099,IPC Server Responder: starting,[]
38,2023-11-29,00:15:25,602,INFO,[IPC Server listener on 0] org.apache.hadoop.ipc.Server,IPC Server listener on 0: starting,73b103d7,IPC Server listener on <*>: starting,['0']
39,2023-11-29,00:15:25,603,INFO,[main] org.apache.hadoop.mapreduce.v2.app.client.MRClientService,Instantiated MRClientService at 2f08f873c798/192.161.20.17:42113,a45cc31c,Instantiated MRClientService at 2f08f873c798<*>,['/192.161.20.17:42113']
40,2023-11-29,00:15:25,625,INFO,[main] org.eclipse.jetty.util.log,Logging initialized @2091ms to org.eclipse.jetty.util.log.Slf4jLog,e1653527,Logging initialized @2091ms to org.eclipse.jetty.util.log.Slf4jLog,[]
41,2023-11-29,00:15:25,684,WARN,[main] org.apache.hadoop.security.authentication.server.AuthenticationFilter,"Unable to initialize FileSignerSecretProvider, falling back to use random secrets. Reason: Could not read signature secret file: /root/hadoop-http-auth-signature-secret",9c1a3d53,"Unable to initialize FileSignerSecretProvider, falling back to use random secrets. Reason: Could not read signature secret file: /root/hadoop-http-auth-signature-secret",[]
42,2023-11-29,00:15:25,687,INFO,[main] org.apache.hadoop.http.HttpRequestLog,Http request log for http.requests.mapreduce is not defined,0859dbfb,Http request log for http.requests.mapreduce is not defined,[]
43,2023-11-29,00:15:25,691,INFO,[main] org.apache.hadoop.http.HttpServer2,Added global filter 'safety' (class=org.apache.hadoop.http.HttpServer2$QuotingInputFilter),a8927e0e,Added global filter 'safety' (class=org.apache.hadoop.http.HttpServer2$QuotingInputFilter),[]
44,2023-11-29,00:15:25,711,INFO,[main] org.apache.hadoop.http.HttpServer2,Added filter AM_PROXY_FILTER (class=org.apache.hadoop.yarn.server.webproxy.amfilter.AmIpFilter) to context mapreduce,ae2086c0,Added filter AM_PROXY_FILTER (class=org.apache.hadoop.yarn.server.webproxy.amfilter.AmIpFilter) to context <*>,['mapreduce']
45,2023-11-29,00:15:25,711,INFO,[main] org.apache.hadoop.http.HttpServer2,Added filter AM_PROXY_FILTER (class=org.apache.hadoop.yarn.server.webproxy.amfilter.AmIpFilter) to context static,ae2086c0,Added filter AM_PROXY_FILTER (class=org.apache.hadoop.yarn.server.webproxy.amfilter.AmIpFilter) to context <*>,['static']
46,2023-11-29,00:15:26,021,INFO,[main] org.apache.hadoop.yarn.webapp.WebApps,Registered webapp guice modules,5ba9445a,Registered webapp guice modules,[]
47,2023-11-29,00:15:26,021,INFO,[main] org.apache.hadoop.http.HttpServer2,Jetty bound to port 33461,8aa20788,Jetty bound to port <*>,['33461']
48,2023-11-29,00:15:26,022,INFO,[main] org.eclipse.jetty.server.Server,jetty-9.4.51.v20230217; built: 2023-02-17T08:19:37.309Z; git: b45c405e4544384de066f814ed42ae3dceacdd49; jvm 11.0.20.1+1-post-Ubuntu-0ubuntu120.04,64af699d,jetty-<*>.<*>.<*>.v20230217; built: <*>-<*>-17T08:<*>:<*>.309Z; git: b45c405e4544384de066f814ed42ae3dceacdd49; jvm <*><*>-post-Ubuntu-0ubuntu120.<*>,"['9', '4.51', '2023-02', '19:37', '11.0.20.1+1', '04']"
49,2023-11-29,00:15:26,046,INFO,[main] org.eclipse.jetty.server.session,DefaultSessionIdManager workerName=node0,bacbae49,DefaultSessionIdManager workerName=node<*>,['0']
50,2023-11-29,00:15:26,046,INFO,[main] org.eclipse.jetty.server.session,"No SessionScavenger set, using defaults",9ee7bbd8,"No SessionScavenger set, using defaults",[]
51,2023-11-29,00:15:26,047,INFO,[main] org.eclipse.jetty.server.session,node0 Scavenging every 660000ms,11ab4b15,node0 Scavenging every 660000ms,[]
52,2023-11-29,00:15:26,057,INFO,[main] org.eclipse.jetty.server.handler.ContextHandler,"Started o.e.j.s.ServletContextHandler@5be052ca{static,/static,jar:file:/usr/local/revisedJQF/v8/hadoop-3.3.6/share/hadoop/yarn/hadoop-yarn-common-3.3.6.jar!/webapps/static,AVAILABLE}",00ac854a,Started <*>,"['o.e.j.s.ServletContextHandler@5be052ca{static,/static,jar:file:/usr/local/revisedJQF/v8/hadoop-3.3.6/share/hadoop/yarn/hadoop-yarn-common-3.3.6.jar!/webapps/static,AVAILABLE}']"
53,2023-11-29,00:15:26,763,INFO,[main] org.eclipse.jetty.server.handler.ContextHandler,"Started o.e.j.w.WebAppContext@553fbe94{mapreduce,/,file:///home/hadoop3/hadoop/tmp/nm-local-dir/usercache/root/appcache/application_1701142038763_0282/container_1701142038763_0282_01_000001/tmp/jetty-0_0_0_0-33461-hadoop-yarn-common-3_3_6_jar-_-any-5816078331663008430/webapp/,AVAILABLE}{jar:file:/usr/local/revisedJQF/v8/hadoop-3.3.6/share/hadoop/yarn/hadoop-yarn-common-3.3.6.jar!/webapps/mapreduce}",00ac854a,Started <*>,"['o.e.j.w.WebAppContext@553fbe94{mapreduce,/,file:///home/hadoop3/hadoop/tmp/nm-local-dir/usercache/root/appcache/application_1701142038763_0282/container_1701142038763_0282_01_000001/tmp/jetty-0_0_0_0-33461-hadoop-yarn-common-3_3_6_jar-_-any-5816078331663008430/webapp/,AVAILABLE}{jar:file:/usr/local/revisedJQF/v8/hadoop-3.3.6/share/hadoop/yarn/hadoop-yarn-common-3.3.6.jar!/webapps/mapreduce}']"
54,2023-11-29,00:15:26,777,INFO,[main] org.eclipse.jetty.server.AbstractConnector,"Started ServerConnector@56c8e6f0{HTTP/1.1, (http/1.1)}{0.0.0.0:33461}",90900ac3,"Started ServerConnector@56c8e6f0{HTTP/<*>.<*>, (http/<*>.<*>)}{<*>}","['1.1', '1.1', '0.0.0.0:33461']"
55,2023-11-29,00:15:26,777,INFO,[main] org.eclipse.jetty.server.Server,Started @3243ms,00ac854a,Started <*>,['@3243ms']
56,2023-11-29,00:15:26,777,INFO,[main] org.apache.hadoop.yarn.webapp.WebApps,Web app mapreduce started at 33461,0923c3bb,Web app mapreduce started at <*>,['33461']
57,2023-11-29,00:15:26,782,INFO,[main] org.apache.hadoop.ipc.CallQueueManager,"Using callQueue: class java.util.concurrent.LinkedBlockingQueue, queueCapacity: 3000, scheduler: class org.apache.hadoop.ipc.DefaultRpcScheduler, ipcBackoff: false.",4800a8aa,"Using callQueue: class java.util.concurrent.LinkedBlockingQueue, queueCapacity: <*>, scheduler: class org.apache.hadoop.ipc.DefaultRpcScheduler, ipcBackoff: false.",['3000']
58,2023-11-29,00:15:26,782,INFO,[main] org.apache.hadoop.ipc.Server,Listener at 0.0.0.0:45763,55039769,Listener at <*>,['0.0.0.0:45763']
59,2023-11-29,00:15:26,783,INFO,[Socket Reader #1 for port 0] org.apache.hadoop.ipc.Server,Starting Socket Reader #1 for port 0,70066a26,Starting Socket Reader #<*> for port <*>,"['1', '0']"
60,2023-11-29,00:15:26,783,INFO,[AsyncDispatcher event handler] org.apache.hadoop.mapreduce.v2.app.speculate.DefaultSpeculator,JOB_CREATE job_1701142038763_0282,e79de774,JOB_CREATE job_<*>_<*>,['1701142038763_0282']
61,2023-11-29,00:15:26,786,INFO,[IPC Server listener on 0] org.apache.hadoop.ipc.Server,IPC Server listener on 0: starting,73b103d7,IPC Server listener on <*>: starting,['0']
62,2023-11-29,00:15:26,786,INFO,[IPC Server Responder] org.apache.hadoop.ipc.Server,IPC Server Responder: starting,ccc17099,IPC Server Responder: starting,[]
63,2023-11-29,00:15:26,806,INFO,[main] org.apache.hadoop.mapreduce.v2.app.rm.RMContainerRequestor,nodeBlacklistingEnabled:true,8b1732f5,nodeBlacklistingEnabled:true,[]
64,2023-11-29,00:15:26,806,INFO,[main] org.apache.hadoop.mapreduce.v2.app.rm.RMContainerRequestor,maxTaskFailuresPerNode is 3,07a75a5d,maxTaskFailuresPerNode is <*>,['3']
65,2023-11-29,00:15:26,806,INFO,[main] org.apache.hadoop.mapreduce.v2.app.rm.RMContainerRequestor,blacklistDisablePercent is 33,168a0869,blacklistDisablePercent is <*>,['33']
66,2023-11-29,00:15:26,808,INFO,[main] org.apache.hadoop.mapreduce.v2.app.rm.RMContainerAllocator,0% of the mappers will be scheduled using OPPORTUNISTIC containers,10c1693b,0% of the mappers will be scheduled using OPPORTUNISTIC containers,[]
67,2023-11-29,00:15:26,834,INFO,[main] org.apache.hadoop.yarn.client.DefaultNoHARMFailoverProxyProvider,Connecting to ResourceManager at 2f08f873c798/192.161.20.17:8030,4ecdc8c5,Connecting to ResourceManager at 2f08f873c798<*>,['/192.161.20.17:8030']
68,2023-11-29,00:15:26,898,INFO,[main] org.apache.hadoop.mapreduce.v2.app.rm.RMCommunicator,"maxContainerCapability: <memory:8192, vCores:4>",1b9a71a7,"maxContainerCapability: <memory:<*>, vCores:<*>>","['8192', '4>']"
69,2023-11-29,00:15:26,898,INFO,[main] org.apache.hadoop.mapreduce.v2.app.rm.RMCommunicator,queue: default,62365dbe,queue: default,[]
70,2023-11-29,00:15:26,902,INFO,[main] org.apache.hadoop.mapreduce.v2.app.launcher.ContainerLauncherImpl,Upper limit on the thread pool size is 500,293bdc87,Upper limit on the thread pool size is <*>,['500']
71,2023-11-29,00:15:26,902,INFO,[main] org.apache.hadoop.mapreduce.v2.app.launcher.ContainerLauncherImpl,The thread pool initial size is 10,7a27b63d,The thread pool initial size is <*>,['10']
72,2023-11-29,00:15:26,919,INFO,[AsyncDispatcher event handler] org.apache.hadoop.mapreduce.v2.app.job.impl.JobImpl,job_1701142038763_0282Job Transitioned from INITED to SETUP,a2ced0ad,job_<*>_0282Job Transitioned from <*> to <*>,"['1701142038763', 'INITED', 'SETUP']"
73,2023-11-29,00:15:26,923,INFO,[CommitterEvent Processor #0] org.apache.hadoop.mapreduce.v2.app.commit.CommitterEventHandler,Processing the event EventType: JOB_SETUP,8825a75c,Processing the event EventType: <*>,['JOB_SETUP']
74,2023-11-29,00:15:26,942,INFO,[AsyncDispatcher event handler] org.apache.hadoop.mapreduce.v2.app.job.impl.JobImpl,job_1701142038763_0282Job Transitioned from SETUP to RUNNING,a2ced0ad,job_<*>_0282Job Transitioned from <*> to <*>,"['1701142038763', 'SETUP', 'RUNNING']"
75,2023-11-29,00:15:26,963,INFO,[AsyncDispatcher event handler] org.apache.hadoop.mapreduce.v2.app.job.impl.TaskAttemptImpl,"Resource capability of task type MAP is set to <memory:5120, vCores:1>",16c3067a,"Resource capability of task type <*> is set to <memory:<*>, vCores:<*>>","['MAP', '5120', '1>']"
76,2023-11-29,00:15:26,969,INFO,[AsyncDispatcher event handler] org.apache.hadoop.mapreduce.v2.app.job.impl.TaskImpl,task_1701142038763_0282_m_000000 Task Transitioned from NEW to SCHEDULED,d231a1af,task_<*>_<*>_m_<*> Task Transitioned from <*> to <*>,"['1701142038763_0282', '000000', 'NEW', 'SCHEDULED']"
77,2023-11-29,00:15:26,969,INFO,[AsyncDispatcher event handler] org.apache.hadoop.mapreduce.v2.app.job.impl.TaskImpl,task_1701142038763_0282_m_000001 Task Transitioned from NEW to SCHEDULED,d231a1af,task_<*>_<*>_m_<*> Task Transitioned from <*> to <*>,"['1701142038763_0282', '000001', 'NEW', 'SCHEDULED']"
78,2023-11-29,00:15:26,969,INFO,[AsyncDispatcher event handler] org.apache.hadoop.mapreduce.v2.app.job.impl.TaskImpl,task_1701142038763_0282_m_000002 Task Transitioned from NEW to SCHEDULED,d231a1af,task_<*>_<*>_m_<*> Task Transitioned from <*> to <*>,"['1701142038763_0282', '000002', 'NEW', 'SCHEDULED']"
79,2023-11-29,00:15:26,970,INFO,[AsyncDispatcher event handler] org.apache.hadoop.mapreduce.v2.app.job.impl.TaskImpl,task_1701142038763_0282_m_000003 Task Transitioned from NEW to SCHEDULED,d231a1af,task_<*>_<*>_m_<*> Task Transitioned from <*> to <*>,"['1701142038763_0282', '000003', 'NEW', 'SCHEDULED']"
80,2023-11-29,00:15:26,970,INFO,[AsyncDispatcher event handler] org.apache.hadoop.mapreduce.v2.app.job.impl.TaskImpl,task_1701142038763_0282_m_000004 Task Transitioned from NEW to SCHEDULED,d231a1af,task_<*>_<*>_m_<*> Task Transitioned from <*> to <*>,"['1701142038763_0282', '000004', 'NEW', 'SCHEDULED']"
81,2023-11-29,00:15:26,970,INFO,[AsyncDispatcher event handler] org.apache.hadoop.mapreduce.v2.app.job.impl.TaskImpl,task_1701142038763_0282_m_000005 Task Transitioned from NEW to SCHEDULED,d231a1af,task_<*>_<*>_m_<*> Task Transitioned from <*> to <*>,"['1701142038763_0282', '000005', 'NEW', 'SCHEDULED']"
82,2023-11-29,00:15:26,970,INFO,[AsyncDispatcher event handler] org.apache.hadoop.mapreduce.v2.app.job.impl.TaskImpl,task_1701142038763_0282_m_000006 Task Transitioned from NEW to SCHEDULED,d231a1af,task_<*>_<*>_m_<*> Task Transitioned from <*> to <*>,"['1701142038763_0282', '000006', 'NEW', 'SCHEDULED']"
83,2023-11-29,00:15:26,970,INFO,[AsyncDispatcher event handler] org.apache.hadoop.mapreduce.v2.app.job.impl.TaskImpl,task_1701142038763_0282_m_000007 Task Transitioned from NEW to SCHEDULED,d231a1af,task_<*>_<*>_m_<*> Task Transitioned from <*> to <*>,"['1701142038763_0282', '000007', 'NEW', 'SCHEDULED']"
84,2023-11-29,00:15:26,971,INFO,[AsyncDispatcher event handler] org.apache.hadoop.mapreduce.v2.app.job.impl.TaskImpl,task_1701142038763_0282_m_000008 Task Transitioned from NEW to SCHEDULED,d231a1af,task_<*>_<*>_m_<*> Task Transitioned from <*> to <*>,"['1701142038763_0282', '000008', 'NEW', 'SCHEDULED']"
85,2023-11-29,00:15:26,973,INFO,[AsyncDispatcher event handler] org.apache.hadoop.mapreduce.v2.app.job.impl.TaskImpl,task_1701142038763_0282_m_000009 Task Transitioned from NEW to SCHEDULED,d231a1af,task_<*>_<*>_m_<*> Task Transitioned from <*> to <*>,"['1701142038763_0282', '000009', 'NEW', 'SCHEDULED']"
86,2023-11-29,00:15:26,974,INFO,[AsyncDispatcher event handler] org.apache.hadoop.mapreduce.v2.app.job.impl.TaskAttemptImpl,"Resource capability of task type REDUCE is set to <memory:5120, vCores:1>",16c3067a,"Resource capability of task type <*> is set to <memory:<*>, vCores:<*>>","['REDUCE', '5120', '1>']"
87,2023-11-29,00:15:26,974,INFO,[AsyncDispatcher event handler] org.apache.hadoop.mapreduce.v2.app.job.impl.TaskImpl,task_1701142038763_0282_r_000000 Task Transitioned from NEW to SCHEDULED,a55d23fc,task_<*>_<*>_r_<*> Task Transitioned from <*> to <*>,"['1701142038763_0282', '000000', 'NEW', 'SCHEDULED']"
88,2023-11-29,00:15:26,975,INFO,[AsyncDispatcher event handler] org.apache.hadoop.mapreduce.v2.app.job.impl.TaskAttemptImpl,attempt_1701142038763_0282_m_000000_0 TaskAttempt Transitioned from NEW to UNASSIGNED,590bd861,attempt_<*>_<*>_m_<*>_<*> TaskAttempt Transitioned from <*> to <*>,"['1701142038763_0282', '000000_0', 'NEW', 'UNASSIGNED']"
89,2023-11-29,00:15:26,975,INFO,[AsyncDispatcher event handler] org.apache.hadoop.mapreduce.v2.app.job.impl.TaskAttemptImpl,attempt_1701142038763_0282_m_000001_0 TaskAttempt Transitioned from NEW to UNASSIGNED,590bd861,attempt_<*>_<*>_m_<*>_<*> TaskAttempt Transitioned from <*> to <*>,"['1701142038763_0282', '000001_0', 'NEW', 'UNASSIGNED']"
90,2023-11-29,00:15:26,975,INFO,[AsyncDispatcher event handler] org.apache.hadoop.mapreduce.v2.app.job.impl.TaskAttemptImpl,attempt_1701142038763_0282_m_000002_0 TaskAttempt Transitioned from NEW to UNASSIGNED,590bd861,attempt_<*>_<*>_m_<*>_<*> TaskAttempt Transitioned from <*> to <*>,"['1701142038763_0282', '000002_0', 'NEW', 'UNASSIGNED']"
91,2023-11-29,00:15:26,975,INFO,[AsyncDispatcher event handler] org.apache.hadoop.mapreduce.v2.app.job.impl.TaskAttemptImpl,attempt_1701142038763_0282_m_000003_0 TaskAttempt Transitioned from NEW to UNASSIGNED,590bd861,attempt_<*>_<*>_m_<*>_<*> TaskAttempt Transitioned from <*> to <*>,"['1701142038763_0282', '000003_0', 'NEW', 'UNASSIGNED']"
92,2023-11-29,00:15:26,975,INFO,[AsyncDispatcher event handler] org.apache.hadoop.mapreduce.v2.app.job.impl.TaskAttemptImpl,attempt_1701142038763_0282_m_000004_0 TaskAttempt Transitioned from NEW to UNASSIGNED,590bd861,attempt_<*>_<*>_m_<*>_<*> TaskAttempt Transitioned from <*> to <*>,"['1701142038763_0282', '000004_0', 'NEW', 'UNASSIGNED']"
93,2023-11-29,00:15:26,976,INFO,[AsyncDispatcher event handler] org.apache.hadoop.mapreduce.v2.app.job.impl.TaskAttemptImpl,attempt_1701142038763_0282_m_000005_0 TaskAttempt Transitioned from NEW to UNASSIGNED,590bd861,attempt_<*>_<*>_m_<*>_<*> TaskAttempt Transitioned from <*> to <*>,"['1701142038763_0282', '000005_0', 'NEW', 'UNASSIGNED']"
94,2023-11-29,00:15:26,976,INFO,[AsyncDispatcher event handler] org.apache.hadoop.mapreduce.v2.app.job.impl.TaskAttemptImpl,attempt_1701142038763_0282_m_000006_0 TaskAttempt Transitioned from NEW to UNASSIGNED,590bd861,attempt_<*>_<*>_m_<*>_<*> TaskAttempt Transitioned from <*> to <*>,"['1701142038763_0282', '000006_0', 'NEW', 'UNASSIGNED']"
95,2023-11-29,00:15:26,976,INFO,[AsyncDispatcher event handler] org.apache.hadoop.mapreduce.v2.app.job.impl.TaskAttemptImpl,attempt_1701142038763_0282_m_000007_0 TaskAttempt Transitioned from NEW to UNASSIGNED,590bd861,attempt_<*>_<*>_m_<*>_<*> TaskAttempt Transitioned from <*> to <*>,"['1701142038763_0282', '000007_0', 'NEW', 'UNASSIGNED']"
96,2023-11-29,00:15:26,976,INFO,[AsyncDispatcher event handler] org.apache.hadoop.mapreduce.v2.app.job.impl.TaskAttemptImpl,attempt_1701142038763_0282_m_000008_0 TaskAttempt Transitioned from NEW to UNASSIGNED,590bd861,attempt_<*>_<*>_m_<*>_<*> TaskAttempt Transitioned from <*> to <*>,"['1701142038763_0282', '000008_0', 'NEW', 'UNASSIGNED']"
97,2023-11-29,00:15:26,976,INFO,[AsyncDispatcher event handler] org.apache.hadoop.mapreduce.v2.app.job.impl.TaskAttemptImpl,attempt_1701142038763_0282_m_000009_0 TaskAttempt Transitioned from NEW to UNASSIGNED,590bd861,attempt_<*>_<*>_m_<*>_<*> TaskAttempt Transitioned from <*> to <*>,"['1701142038763_0282', '000009_0', 'NEW', 'UNASSIGNED']"
98,2023-11-29,00:15:26,976,INFO,[AsyncDispatcher event handler] org.apache.hadoop.mapreduce.v2.app.job.impl.TaskAttemptImpl,attempt_1701142038763_0282_r_000000_0 TaskAttempt Transitioned from NEW to UNASSIGNED,500abf63,attempt_<*>_<*>_r_<*>_<*> TaskAttempt Transitioned from <*> to <*>,"['1701142038763_0282', '000000_0', 'NEW', 'UNASSIGNED']"
99,2023-11-29,00:15:26,978,INFO,[Thread-65] org.apache.hadoop.mapreduce.v2.app.rm.RMContainerAllocator,"mapResourceRequest:<memory:5120, vCores:1>",70768b95,"mapResourceRequest:<memory:<*>, vCores:<*>>","['5120', '1>']"
100,2023-11-29,00:15:26,995,INFO,[eventHandlingThread] org.apache.hadoop.mapreduce.jobhistory.JobHistoryEventHandler,"Event Writer setup for JobId: job_1701142038763_0282, File: hdfs://2f08f873c798:9000/tmp/hadoop-yarn/staging/root/.staging/job_1701142038763_0282/job_1701142038763_0282_1.jhist",10edc0f1,"Event Writer setup for JobId: job_<*>_<*>, File: hdfs://2f08f873c798:<*>/tmp/hadoop-yarn/staging/root/.staging/job_<*>_<*>/job_<*>_<*>_<*>.jhist","['1701142038763_0282', '9000', '1701142038763_0282', '1701142038763', '0282_1']"
101,2023-11-29,00:15:27,000,INFO,[Thread-65] org.apache.hadoop.mapreduce.v2.app.rm.RMContainerAllocator,"reduceResourceRequest:<memory:5120, vCores:1>",fa3c4543,"reduceResourceRequest:<memory:<*>, vCores:<*>>","['5120', '1>']"
102,2023-11-29,00:15:27,901,INFO,[RMCommunicator Allocator] org.apache.hadoop.mapreduce.v2.app.rm.RMContainerAllocator,Before Scheduling: PendingReds:1 ScheduledMaps:10 ScheduledReds:0 AssignedMaps:0 AssignedReds:0 CompletedMaps:0 CompletedReds:0 ContAlloc:0 ContRel:0 HostLocal:0 RackLocal:0,f3cfcdcd,Before Scheduling: PendingReds:<*> ScheduledMaps:<*> ScheduledReds:<*> AssignedMaps:<*> AssignedReds:<*> CompletedMaps:<*> CompletedReds:<*> ContAlloc:<*> ContRel:<*> HostLocal:<*> RackLocal:<*>,"['1', '10', '0', '0', '0', '0', '0', '0', '0', '0', '0']"
103,2023-11-29,00:15:27,951,INFO,[RMCommunicator Allocator] org.apache.hadoop.mapreduce.v2.app.rm.RMContainerRequestor,"getResources() for application_1701142038763_0282: ask=5 release= 0 newContainers=0 finishedContainers=0 resourcelimit=<memory:22528, vCores:23> knownNMs=3",6d3d97fc,"getResources() for application_<*>_<*>: ask=<*> release= <*> newContainers=<*> finishedContainers=<*> resourcelimit=<memory:<*>, vCores:<*>> knownNMs=<*>","['1701142038763_0282', '5', '0', '0', '0', '22528', '23>', '3']"
104,2023-11-29,00:15:27,953,INFO,[RMCommunicator Allocator] org.apache.hadoop.mapreduce.v2.app.rm.RMContainerAllocator,"Recalculating schedule, headroom=<memory:22528, vCores:23>",e856e146,"Recalculating schedule, headroom=<memory:<*>, vCores:<*>>","['22528', '23>']"
105,2023-11-29,00:15:27,953,INFO,[RMCommunicator Allocator] org.apache.hadoop.mapreduce.v2.app.rm.RMContainerAllocator,Reduce slow start threshold not met. completedMapsForReduceSlowstart 1,1fbfd66f,Reduce slow start threshold not met. completedMapsForReduceSlowstart <*>,['1']
106,2023-11-29,00:15:28,975,INFO,[RMCommunicator Allocator] org.apache.hadoop.mapreduce.v2.app.rm.RMContainerAllocator,Got allocated containers 3,0f71bb1f,Got allocated containers <*>,['3']
107,2023-11-29,00:15:28,978,INFO,[RMCommunicator Allocator] org.apache.hadoop.mapreduce.v2.app.rm.RMContainerAllocator,Assigned container container_1701142038763_0282_01_000002 to attempt_1701142038763_0282_m_000000_0,99dd87cd,Assigned container container_<*>_<*>_<*>_<*> to <*>,"['1701142038763', '0282_01_000002', 'attempt_1701142038763_0282_m_000000_0']"
108,2023-11-29,00:15:28,980,INFO,[RMCommunicator Allocator] org.apache.hadoop.mapreduce.v2.app.rm.RMContainerAllocator,Assigned container container_1701142038763_0282_01_000004 to attempt_1701142038763_0282_m_000001_0,99dd87cd,Assigned container container_<*>_<*>_<*>_<*> to <*>,"['1701142038763', '0282_01_000004', 'attempt_1701142038763_0282_m_000001_0']"
109,2023-11-29,00:15:28,980,INFO,[RMCommunicator Allocator] org.apache.hadoop.mapreduce.v2.app.rm.RMContainerAllocator,Assigned container container_1701142038763_0282_01_000006 to attempt_1701142038763_0282_m_000002_0,99dd87cd,Assigned container container_<*>_<*>_<*>_<*> to <*>,"['1701142038763', '0282_01_000006', 'attempt_1701142038763_0282_m_000002_0']"
110,2023-11-29,00:15:28,980,INFO,[RMCommunicator Allocator] org.apache.hadoop.mapreduce.v2.app.rm.RMContainerAllocator,"Recalculating schedule, headroom=<memory:2048, vCores:19>",e856e146,"Recalculating schedule, headroom=<memory:<*>, vCores:<*>>","['2048', '19>']"
111,2023-11-29,00:15:28,980,INFO,[RMCommunicator Allocator] org.apache.hadoop.mapreduce.v2.app.rm.RMContainerAllocator,Reduce slow start threshold not met. completedMapsForReduceSlowstart 1,1fbfd66f,Reduce slow start threshold not met. completedMapsForReduceSlowstart <*>,['1']
112,2023-11-29,00:15:28,980,INFO,[RMCommunicator Allocator] org.apache.hadoop.mapreduce.v2.app.rm.RMContainerAllocator,After Scheduling: PendingReds:1 ScheduledMaps:7 ScheduledReds:0 AssignedMaps:3 AssignedReds:0 CompletedMaps:0 CompletedReds:0 ContAlloc:3 ContRel:0 HostLocal:3 RackLocal:0,b1bdc9c9,After Scheduling: PendingReds:<*> ScheduledMaps:<*> ScheduledReds:<*> AssignedMaps:<*> AssignedReds:<*> CompletedMaps:<*> CompletedReds:<*> ContAlloc:<*> ContRel:<*> HostLocal:<*> RackLocal:<*>,"['1', '7', '0', '3', '0', '0', '0', '3', '0', '3', '0']"
113,2023-11-29,00:15:29,039,INFO,[AsyncDispatcher event handler] org.apache.hadoop.mapreduce.v2.app.job.impl.TaskAttemptImpl,The job-jar file on the remote FS is hdfs://2f08f873c798:9000/tmp/hadoop-yarn/staging/root/.staging/job_1701142038763_0282/job.jar,c9ebd122,The <*> file on the remote FS is <*>,"['job-jar', 'hdfs://2f08f873c798:9000/tmp/hadoop-yarn/staging/root/.staging/job_1701142038763_0282/job.jar']"
114,2023-11-29,00:15:29,042,INFO,[AsyncDispatcher event handler] org.apache.hadoop.mapreduce.v2.app.job.impl.TaskAttemptImpl,The job-conf file on the remote FS is /tmp/hadoop-yarn/staging/root/.staging/job_1701142038763_0282/job.xml,c9ebd122,The <*> file on the remote FS is <*>,"['job-conf', '/tmp/hadoop-yarn/staging/root/.staging/job_1701142038763_0282/job.xml']"
115,2023-11-29,00:15:29,043,INFO,[AsyncDispatcher event handler] org.apache.hadoop.mapreduce.v2.app.job.impl.TaskAttemptImpl,Adding #0 tokens and #1 secret keys for NM use for launching container,5ad17131,Adding #<*> tokens and #<*> secret keys for NM use for launching container,"['0', '1']"
116,2023-11-29,00:15:29,043,INFO,[AsyncDispatcher event handler] org.apache.hadoop.mapreduce.v2.app.job.impl.TaskAttemptImpl,Size of containertokens_dob is 1,e497a05e,Size of containertokens_dob is <*>,['1']
117,2023-11-29,00:15:29,043,INFO,[AsyncDispatcher event handler] org.apache.hadoop.mapreduce.v2.app.job.impl.TaskAttemptImpl,Putting shuffle token in serviceData,944f8887,Putting shuffle token in serviceData,[]
118,2023-11-29,00:15:29,067,INFO,[AsyncDispatcher event handler] org.apache.hadoop.mapreduce.v2.app.job.impl.TaskAttemptImpl,attempt_1701142038763_0282_m_000000_0 TaskAttempt Transitioned from UNASSIGNED to ASSIGNED,590bd861,attempt_<*>_<*>_m_<*>_<*> TaskAttempt Transitioned from <*> to <*>,"['1701142038763_0282', '000000_0', 'UNASSIGNED', 'ASSIGNED']"
119,2023-11-29,00:15:29,071,INFO,[AsyncDispatcher event handler] org.apache.hadoop.mapreduce.v2.app.job.impl.TaskAttemptImpl,attempt_1701142038763_0282_m_000001_0 TaskAttempt Transitioned from UNASSIGNED to ASSIGNED,590bd861,attempt_<*>_<*>_m_<*>_<*> TaskAttempt Transitioned from <*> to <*>,"['1701142038763_0282', '000001_0', 'UNASSIGNED', 'ASSIGNED']"
120,2023-11-29,00:15:29,073,INFO,[AsyncDispatcher event handler] org.apache.hadoop.mapreduce.v2.app.job.impl.TaskAttemptImpl,attempt_1701142038763_0282_m_000002_0 TaskAttempt Transitioned from UNASSIGNED to ASSIGNED,590bd861,attempt_<*>_<*>_m_<*>_<*> TaskAttempt Transitioned from <*> to <*>,"['1701142038763_0282', '000002_0', 'UNASSIGNED', 'ASSIGNED']"
121,2023-11-29,00:15:29,075,INFO,[ContainerLauncher #0] org.apache.hadoop.mapreduce.v2.app.launcher.ContainerLauncherImpl,Processing the event EventType: CONTAINER_REMOTE_LAUNCH for container container_1701142038763_0282_01_000002 taskAttempt attempt_1701142038763_0282_m_000000_0,36fc78d1,Processing the event EventType: <*> for container container_<*>_<*>_<*>_<*> taskAttempt <*>,"['CONTAINER_REMOTE_LAUNCH', '1701142038763', '0282_01_000002', 'attempt_1701142038763_0282_m_000000_0']"
122,2023-11-29,00:15:29,076,INFO,[ContainerLauncher #1] org.apache.hadoop.mapreduce.v2.app.launcher.ContainerLauncherImpl,Processing the event EventType: CONTAINER_REMOTE_LAUNCH for container container_1701142038763_0282_01_000004 taskAttempt attempt_1701142038763_0282_m_000001_0,36fc78d1,Processing the event EventType: <*> for container container_<*>_<*>_<*>_<*> taskAttempt <*>,"['CONTAINER_REMOTE_LAUNCH', '1701142038763', '0282_01_000004', 'attempt_1701142038763_0282_m_000001_0']"
123,2023-11-29,00:15:29,077,INFO,[ContainerLauncher #2] org.apache.hadoop.mapreduce.v2.app.launcher.ContainerLauncherImpl,Processing the event EventType: CONTAINER_REMOTE_LAUNCH for container container_1701142038763_0282_01_000006 taskAttempt attempt_1701142038763_0282_m_000002_0,36fc78d1,Processing the event EventType: <*> for container container_<*>_<*>_<*>_<*> taskAttempt <*>,"['CONTAINER_REMOTE_LAUNCH', '1701142038763', '0282_01_000006', 'attempt_1701142038763_0282_m_000002_0']"
124,2023-11-29,00:15:29,081,INFO,[ContainerLauncher #1] org.apache.hadoop.mapreduce.v2.app.launcher.ContainerLauncherImpl,Launching attempt_1701142038763_0282_m_000001_0,df347da1,Launching <*>,['attempt_1701142038763_0282_m_000001_0']
125,2023-11-29,00:15:29,081,INFO,[ContainerLauncher #0] org.apache.hadoop.mapreduce.v2.app.launcher.ContainerLauncherImpl,Launching attempt_1701142038763_0282_m_000000_0,df347da1,Launching <*>,['attempt_1701142038763_0282_m_000000_0']
126,2023-11-29,00:15:29,082,INFO,[ContainerLauncher #2] org.apache.hadoop.mapreduce.v2.app.launcher.ContainerLauncherImpl,Launching attempt_1701142038763_0282_m_000002_0,df347da1,Launching <*>,['attempt_1701142038763_0282_m_000002_0']
127,2023-11-29,00:15:29,178,INFO,[ContainerLauncher #1] org.apache.hadoop.mapreduce.v2.app.launcher.ContainerLauncherImpl,Shuffle port returned by ContainerManager for attempt_1701142038763_0282_m_000001_0 : 13562,f4ac93f2,Shuffle port returned by ContainerManager for <*> : <*>,"['attempt_1701142038763_0282_m_000001_0', '13562']"
128,2023-11-29,00:15:29,178,INFO,[ContainerLauncher #0] org.apache.hadoop.mapreduce.v2.app.launcher.ContainerLauncherImpl,Shuffle port returned by ContainerManager for attempt_1701142038763_0282_m_000000_0 : 13562,f4ac93f2,Shuffle port returned by ContainerManager for <*> : <*>,"['attempt_1701142038763_0282_m_000000_0', '13562']"
129,2023-11-29,00:15:29,180,INFO,[ContainerLauncher #2] org.apache.hadoop.mapreduce.v2.app.launcher.ContainerLauncherImpl,Shuffle port returned by ContainerManager for attempt_1701142038763_0282_m_000002_0 : 13562,f4ac93f2,Shuffle port returned by ContainerManager for <*> : <*>,"['attempt_1701142038763_0282_m_000002_0', '13562']"
130,2023-11-29,00:15:29,181,INFO,[AsyncDispatcher event handler] org.apache.hadoop.mapreduce.v2.app.job.impl.TaskAttemptImpl,TaskAttempt: [attempt_1701142038763_0282_m_000001_0] using containerId: [container_1701142038763_0282_01_000004 on NM: [cf6e5ca2712c:46101],97232dd5,TaskAttempt: <*> using containerId: [container_<*>_<*>_<*>_<*> on NM: <*>,"['[attempt_1701142038763_0282_m_000001_0]', '1701142038763', '0282_01_000004', '[cf6e5ca2712c:46101]']"
131,2023-11-29,00:15:29,185,INFO,[AsyncDispatcher event handler] org.apache.hadoop.mapreduce.v2.app.job.impl.TaskAttemptImpl,attempt_1701142038763_0282_m_000001_0 TaskAttempt Transitioned from ASSIGNED to RUNNING,590bd861,attempt_<*>_<*>_m_<*>_<*> TaskAttempt Transitioned from <*> to <*>,"['1701142038763_0282', '000001_0', 'ASSIGNED', 'RUNNING']"
132,2023-11-29,00:15:29,186,INFO,[AsyncDispatcher event handler] org.apache.hadoop.mapreduce.v2.app.job.impl.TaskAttemptImpl,TaskAttempt: [attempt_1701142038763_0282_m_000000_0] using containerId: [container_1701142038763_0282_01_000002 on NM: [2f08f873c798:37279],97232dd5,TaskAttempt: <*> using containerId: [container_<*>_<*>_<*>_<*> on NM: <*>,"['[attempt_1701142038763_0282_m_000000_0]', '1701142038763', '0282_01_000002', '[2f08f873c798:37279]']"
133,2023-11-29,00:15:29,186,INFO,[AsyncDispatcher event handler] org.apache.hadoop.mapreduce.v2.app.job.impl.TaskAttemptImpl,attempt_1701142038763_0282_m_000000_0 TaskAttempt Transitioned from ASSIGNED to RUNNING,590bd861,attempt_<*>_<*>_m_<*>_<*> TaskAttempt Transitioned from <*> to <*>,"['1701142038763_0282', '000000_0', 'ASSIGNED', 'RUNNING']"
134,2023-11-29,00:15:29,186,INFO,[AsyncDispatcher event handler] org.apache.hadoop.mapreduce.v2.app.job.impl.TaskAttemptImpl,TaskAttempt: [attempt_1701142038763_0282_m_000002_0] using containerId: [container_1701142038763_0282_01_000006 on NM: [ed761ad59d44:45797],97232dd5,TaskAttempt: <*> using containerId: [container_<*>_<*>_<*>_<*> on NM: <*>,"['[attempt_1701142038763_0282_m_000002_0]', '1701142038763', '0282_01_000006', '[ed761ad59d44:45797]']"
135,2023-11-29,00:15:29,186,INFO,[AsyncDispatcher event handler] org.apache.hadoop.mapreduce.v2.app.job.impl.TaskAttemptImpl,attempt_1701142038763_0282_m_000002_0 TaskAttempt Transitioned from ASSIGNED to RUNNING,590bd861,attempt_<*>_<*>_m_<*>_<*> TaskAttempt Transitioned from <*> to <*>,"['1701142038763_0282', '000002_0', 'ASSIGNED', 'RUNNING']"
136,2023-11-29,00:15:29,186,INFO,[AsyncDispatcher event handler] org.apache.hadoop.mapreduce.v2.app.speculate.DefaultSpeculator,ATTEMPT_START task_1701142038763_0282_m_000001,e215e532,ATTEMPT_START <*>,['task_1701142038763_0282_m_000001']
137,2023-11-29,00:15:29,187,INFO,[AsyncDispatcher event handler] org.apache.hadoop.mapreduce.v2.app.job.impl.TaskImpl,task_1701142038763_0282_m_000001 Task Transitioned from SCHEDULED to RUNNING,d231a1af,task_<*>_<*>_m_<*> Task Transitioned from <*> to <*>,"['1701142038763_0282', '000001', 'SCHEDULED', 'RUNNING']"
138,2023-11-29,00:15:29,187,INFO,[AsyncDispatcher event handler] org.apache.hadoop.mapreduce.v2.app.speculate.DefaultSpeculator,ATTEMPT_START task_1701142038763_0282_m_000000,e215e532,ATTEMPT_START <*>,['task_1701142038763_0282_m_000000']
139,2023-11-29,00:15:29,187,INFO,[AsyncDispatcher event handler] org.apache.hadoop.mapreduce.v2.app.job.impl.TaskImpl,task_1701142038763_0282_m_000000 Task Transitioned from SCHEDULED to RUNNING,d231a1af,task_<*>_<*>_m_<*> Task Transitioned from <*> to <*>,"['1701142038763_0282', '000000', 'SCHEDULED', 'RUNNING']"
140,2023-11-29,00:15:29,187,INFO,[AsyncDispatcher event handler] org.apache.hadoop.mapreduce.v2.app.speculate.DefaultSpeculator,ATTEMPT_START task_1701142038763_0282_m_000002,e215e532,ATTEMPT_START <*>,['task_1701142038763_0282_m_000002']
141,2023-11-29,00:15:29,187,INFO,[AsyncDispatcher event handler] org.apache.hadoop.mapreduce.v2.app.job.impl.TaskImpl,task_1701142038763_0282_m_000002 Task Transitioned from SCHEDULED to RUNNING,d231a1af,task_<*>_<*>_m_<*> Task Transitioned from <*> to <*>,"['1701142038763_0282', '000002', 'SCHEDULED', 'RUNNING']"
142,2023-11-29,00:15:29,983,INFO,[RMCommunicator Allocator] org.apache.hadoop.mapreduce.v2.app.rm.RMContainerRequestor,"getResources() for application_1701142038763_0282: ask=5 release= 0 newContainers=0 finishedContainers=0 resourcelimit=<memory:2048, vCores:19> knownNMs=3",6d3d97fc,"getResources() for application_<*>_<*>: ask=<*> release= <*> newContainers=<*> finishedContainers=<*> resourcelimit=<memory:<*>, vCores:<*>> knownNMs=<*>","['1701142038763_0282', '5', '0', '0', '0', '2048', '19>', '3']"
143,2023-11-29,00:15:29,984,INFO,[RMCommunicator Allocator] org.apache.hadoop.mapreduce.v2.app.rm.RMContainerAllocator,"Recalculating schedule, headroom=<memory:2048, vCores:19>",e856e146,"Recalculating schedule, headroom=<memory:<*>, vCores:<*>>","['2048', '19>']"
144,2023-11-29,00:15:29,984,INFO,[RMCommunicator Allocator] org.apache.hadoop.mapreduce.v2.app.rm.RMContainerAllocator,Reduce slow start threshold not met. completedMapsForReduceSlowstart 1,1fbfd66f,Reduce slow start threshold not met. completedMapsForReduceSlowstart <*>,['1']
145,2023-11-29,00:15:30,360,INFO,[Socket Reader #1 for port 0] SecurityLogger.org.apache.hadoop.ipc.Server,Auth successful for job_1701142038763_0282 (auth:SIMPLE) from 2f08f873c798:45726 / 192.161.20.17:45726,d8c9fc3d,Auth successful for job_<*>_<*> (auth:SIMPLE) from <*> / <*>,"['1701142038763_0282', '2f08f873c798:45726', '192.161.20.17:45726']"
146,2023-11-29,00:15:30,382,INFO,[IPC Server handler 0 on default port 45763] org.apache.hadoop.mapred.TaskAttemptListenerImpl,JVM with ID : jvm_1701142038763_0282_m_000002 asked for a task,60675cee,JVM with ID : <*> asked for a task,['jvm_1701142038763_0282_m_000002']
147,2023-11-29,00:15:30,382,INFO,[IPC Server handler 0 on default port 45763] org.apache.hadoop.mapred.TaskAttemptListenerImpl,JVM with ID: jvm_1701142038763_0282_m_000002 given task: attempt_1701142038763_0282_m_000000_0,2a1c144a,JVM with ID: <*> given task: <*>,"['jvm_1701142038763_0282_m_000002', 'attempt_1701142038763_0282_m_000000_0']"
148,2023-11-29,00:15:30,633,INFO,[Socket Reader #1 for port 0] SecurityLogger.org.apache.hadoop.ipc.Server,Auth successful for job_1701142038763_0282 (auth:SIMPLE) from cf6e5ca2712c:50812 / 192.161.20.5:50812,d8c9fc3d,Auth successful for job_<*>_<*> (auth:SIMPLE) from <*> / <*>,"['1701142038763_0282', 'cf6e5ca2712c:50812', '192.161.20.5:50812']"
149,2023-11-29,00:15:30,646,INFO,[IPC Server handler 2 on default port 45763] org.apache.hadoop.mapred.TaskAttemptListenerImpl,JVM with ID : jvm_1701142038763_0282_m_000004 asked for a task,60675cee,JVM with ID : <*> asked for a task,['jvm_1701142038763_0282_m_000004']
150,2023-11-29,00:15:30,646,INFO,[IPC Server handler 2 on default port 45763] org.apache.hadoop.mapred.TaskAttemptListenerImpl,JVM with ID: jvm_1701142038763_0282_m_000004 given task: attempt_1701142038763_0282_m_000001_0,2a1c144a,JVM with ID: <*> given task: <*>,"['jvm_1701142038763_0282_m_000004', 'attempt_1701142038763_0282_m_000001_0']"
151,2023-11-29,00:15:30,653,INFO,[Socket Reader #1 for port 0] SecurityLogger.org.apache.hadoop.ipc.Server,Auth successful for job_1701142038763_0282 (auth:SIMPLE) from ed761ad59d44:39212 / 192.161.20.23:39212,d8c9fc3d,Auth successful for job_<*>_<*> (auth:SIMPLE) from <*> / <*>,"['1701142038763_0282', 'ed761ad59d44:39212', '192.161.20.23:39212']"
152,2023-11-29,00:15:30,665,INFO,[IPC Server handler 1 on default port 45763] org.apache.hadoop.mapred.TaskAttemptListenerImpl,JVM with ID : jvm_1701142038763_0282_m_000006 asked for a task,60675cee,JVM with ID : <*> asked for a task,['jvm_1701142038763_0282_m_000006']
153,2023-11-29,00:15:30,666,INFO,[IPC Server handler 1 on default port 45763] org.apache.hadoop.mapred.TaskAttemptListenerImpl,JVM with ID: jvm_1701142038763_0282_m_000006 given task: attempt_1701142038763_0282_m_000002_0,2a1c144a,JVM with ID: <*> given task: <*>,"['jvm_1701142038763_0282_m_000006', 'attempt_1701142038763_0282_m_000002_0']"
154,2023-11-29,00:15:30,986,INFO,[RMCommunicator Allocator] org.apache.hadoop.mapreduce.v2.app.rm.RMContainerAllocator,"Recalculating schedule, headroom=<memory:2048, vCores:19>",e856e146,"Recalculating schedule, headroom=<memory:<*>, vCores:<*>>","['2048', '19>']"
155,2023-11-29,00:15:30,986,INFO,[RMCommunicator Allocator] org.apache.hadoop.mapreduce.v2.app.rm.RMContainerAllocator,Reduce slow start threshold not met. completedMapsForReduceSlowstart 1,1fbfd66f,Reduce slow start threshold not met. completedMapsForReduceSlowstart <*>,['1']
156,2023-11-29,00:15:31,548,INFO,[IPC Server handler 2 on default port 45763] org.apache.hadoop.mapred.TaskAttemptListenerImpl,Progress of TaskAttempt attempt_1701142038763_0282_m_000000_0 is : 0.0,b53b8ef4,Progress of TaskAttempt <*> is : <*>.<*>,"['attempt_1701142038763_0282_m_000000_0', '0.0']"
157,2023-11-29,00:15:31,774,INFO,[IPC Server handler 3 on default port 45763] org.apache.hadoop.mapred.TaskAttemptListenerImpl,Progress of TaskAttempt attempt_1701142038763_0282_m_000001_0 is : 0.0,b53b8ef4,Progress of TaskAttempt <*> is : <*>.<*>,"['attempt_1701142038763_0282_m_000001_0', '0.0']"
158,2023-11-29,00:15:31,785,INFO,[IPC Server handler 5 on default port 45763] org.apache.hadoop.mapred.TaskAttemptListenerImpl,Progress of TaskAttempt attempt_1701142038763_0282_m_000002_0 is : 0.0,b53b8ef4,Progress of TaskAttempt <*> is : <*>.<*>,"['attempt_1701142038763_0282_m_000002_0', '0.0']"
159,2023-11-29,00:15:31,836,INFO,[IPC Server handler 2 on default port 45763] org.apache.hadoop.mapred.TaskAttemptListenerImpl,Progress of TaskAttempt attempt_1701142038763_0282_m_000001_0 is : 1.0,b53b8ef4,Progress of TaskAttempt <*> is : <*>.<*>,"['attempt_1701142038763_0282_m_000001_0', '1.0']"
160,2023-11-29,00:15:31,836,INFO,[IPC Server handler 1 on default port 45763] org.apache.hadoop.mapred.TaskAttemptListenerImpl,Progress of TaskAttempt attempt_1701142038763_0282_m_000000_0 is : 1.0,b53b8ef4,Progress of TaskAttempt <*> is : <*>.<*>,"['attempt_1701142038763_0282_m_000000_0', '1.0']"
161,2023-11-29,00:15:31,836,INFO,[IPC Server handler 0 on default port 45763] org.apache.hadoop.mapred.TaskAttemptListenerImpl,Progress of TaskAttempt attempt_1701142038763_0282_m_000002_0 is : 1.0,b53b8ef4,Progress of TaskAttempt <*> is : <*>.<*>,"['attempt_1701142038763_0282_m_000002_0', '1.0']"
162,2023-11-29,00:15:31,852,INFO,[IPC Server handler 3 on default port 45763] org.apache.hadoop.mapred.TaskAttemptListenerImpl,Done acknowledgment from attempt_1701142038763_0282_m_000000_0,6995e31f,Done acknowledgment from <*>,['attempt_1701142038763_0282_m_000000_0']
163,2023-11-29,00:15:31,853,INFO,[IPC Server handler 5 on default port 45763] org.apache.hadoop.mapred.TaskAttemptListenerImpl,Done acknowledgment from attempt_1701142038763_0282_m_000001_0,6995e31f,Done acknowledgment from <*>,['attempt_1701142038763_0282_m_000001_0']
164,2023-11-29,00:15:31,854,INFO,[IPC Server handler 4 on default port 45763] org.apache.hadoop.mapred.TaskAttemptListenerImpl,Done acknowledgment from attempt_1701142038763_0282_m_000002_0,6995e31f,Done acknowledgment from <*>,['attempt_1701142038763_0282_m_000002_0']
165,2023-11-29,00:15:31,857,INFO,[AsyncDispatcher event handler] org.apache.hadoop.mapreduce.v2.app.job.impl.TaskAttemptImpl,attempt_1701142038763_0282_m_000000_0 TaskAttempt Transitioned from RUNNING to SUCCESS_FINISHING_CONTAINER,590bd861,attempt_<*>_<*>_m_<*>_<*> TaskAttempt Transitioned from <*> to <*>,"['1701142038763_0282', '000000_0', 'RUNNING', 'SUCCESS_FINISHING_CONTAINER']"
166,2023-11-29,00:15:31,858,INFO,[AsyncDispatcher event handler] org.apache.hadoop.mapreduce.v2.app.job.impl.TaskAttemptImpl,attempt_1701142038763_0282_m_000001_0 TaskAttempt Transitioned from RUNNING to SUCCESS_FINISHING_CONTAINER,590bd861,attempt_<*>_<*>_m_<*>_<*> TaskAttempt Transitioned from <*> to <*>,"['1701142038763_0282', '000001_0', 'RUNNING', 'SUCCESS_FINISHING_CONTAINER']"
167,2023-11-29,00:15:31,860,INFO,[AsyncDispatcher event handler] org.apache.hadoop.mapreduce.v2.app.job.impl.TaskAttemptImpl,attempt_1701142038763_0282_m_000002_0 TaskAttempt Transitioned from RUNNING to SUCCESS_FINISHING_CONTAINER,590bd861,attempt_<*>_<*>_m_<*>_<*> TaskAttempt Transitioned from <*> to <*>,"['1701142038763_0282', '000002_0', 'RUNNING', 'SUCCESS_FINISHING_CONTAINER']"
168,2023-11-29,00:15:31,870,INFO,[AsyncDispatcher event handler] org.apache.hadoop.mapreduce.v2.app.job.impl.TaskImpl,Task succeeded with attempt attempt_1701142038763_0282_m_000000_0,007ded00,Task succeeded with attempt <*>,['attempt_1701142038763_0282_m_000000_0']
169,2023-11-29,00:15:31,872,INFO,[AsyncDispatcher event handler] org.apache.hadoop.mapreduce.v2.app.job.impl.TaskImpl,task_1701142038763_0282_m_000000 Task Transitioned from RUNNING to SUCCEEDED,d231a1af,task_<*>_<*>_m_<*> Task Transitioned from <*> to <*>,"['1701142038763_0282', '000000', 'RUNNING', 'SUCCEEDED']"
170,2023-11-29,00:15:31,872,INFO,[AsyncDispatcher event handler] org.apache.hadoop.mapreduce.v2.app.job.impl.TaskImpl,Task succeeded with attempt attempt_1701142038763_0282_m_000001_0,007ded00,Task succeeded with attempt <*>,['attempt_1701142038763_0282_m_000001_0']
171,2023-11-29,00:15:31,872,INFO,[AsyncDispatcher event handler] org.apache.hadoop.mapreduce.v2.app.job.impl.TaskImpl,task_1701142038763_0282_m_000001 Task Transitioned from RUNNING to SUCCEEDED,d231a1af,task_<*>_<*>_m_<*> Task Transitioned from <*> to <*>,"['1701142038763_0282', '000001', 'RUNNING', 'SUCCEEDED']"
172,2023-11-29,00:15:31,872,INFO,[AsyncDispatcher event handler] org.apache.hadoop.mapreduce.v2.app.job.impl.TaskImpl,Task succeeded with attempt attempt_1701142038763_0282_m_000002_0,007ded00,Task succeeded with attempt <*>,['attempt_1701142038763_0282_m_000002_0']
173,2023-11-29,00:15:31,872,INFO,[AsyncDispatcher event handler] org.apache.hadoop.mapreduce.v2.app.job.impl.TaskImpl,task_1701142038763_0282_m_000002 Task Transitioned from RUNNING to SUCCEEDED,d231a1af,task_<*>_<*>_m_<*> Task Transitioned from <*> to <*>,"['1701142038763_0282', '000002', 'RUNNING', 'SUCCEEDED']"
174,2023-11-29,00:15:31,873,INFO,[AsyncDispatcher event handler] org.apache.hadoop.mapreduce.v2.app.job.impl.JobImpl,Num completed Tasks: 1,3a2741bf,Num completed Tasks: <*>,['1']
175,2023-11-29,00:15:31,873,INFO,[AsyncDispatcher event handler] org.apache.hadoop.mapreduce.v2.app.job.impl.JobImpl,Num completed Tasks: 2,3a2741bf,Num completed Tasks: <*>,['2']
176,2023-11-29,00:15:31,873,INFO,[AsyncDispatcher event handler] org.apache.hadoop.mapreduce.v2.app.job.impl.JobImpl,Num completed Tasks: 3,3a2741bf,Num completed Tasks: <*>,['3']
177,2023-11-29,00:15:31,986,INFO,[RMCommunicator Allocator] org.apache.hadoop.mapreduce.v2.app.rm.RMContainerAllocator,Before Scheduling: PendingReds:1 ScheduledMaps:7 ScheduledReds:0 AssignedMaps:3 AssignedReds:0 CompletedMaps:3 CompletedReds:0 ContAlloc:3 ContRel:0 HostLocal:3 RackLocal:0,f3cfcdcd,Before Scheduling: PendingReds:<*> ScheduledMaps:<*> ScheduledReds:<*> AssignedMaps:<*> AssignedReds:<*> CompletedMaps:<*> CompletedReds:<*> ContAlloc:<*> ContRel:<*> HostLocal:<*> RackLocal:<*>,"['1', '7', '0', '3', '0', '3', '0', '3', '0', '3', '0']"
178,2023-11-29,00:15:31,989,INFO,[RMCommunicator Allocator] org.apache.hadoop.mapreduce.v2.app.rm.RMContainerAllocator,"Recalculating schedule, headroom=<memory:2048, vCores:19>",e856e146,"Recalculating schedule, headroom=<memory:<*>, vCores:<*>>","['2048', '19>']"
179,2023-11-29,00:15:31,989,INFO,[RMCommunicator Allocator] org.apache.hadoop.mapreduce.v2.app.rm.RMContainerAllocator,Reduce slow start threshold reached. Scheduling reduces.,ec6b84b4,Reduce slow start threshold reached. Scheduling reduces.,[]
180,2023-11-29,00:15:31,990,INFO,[RMCommunicator Allocator] org.apache.hadoop.mapreduce.v2.app.rm.RMContainerAllocator,"completedMapPercent 0.3 totalResourceLimit:<memory:17408, vCores:22> finalMapResourceLimit:<memory:12186, vCores:16> finalReduceResourceLimit:<memory:5222, vCores:6> netScheduledMapResource:<memory:51200, vCores:10> netScheduledReduceResource:<memory:0, vCores:0>",1885a18a,"completedMapPercent <*>.<*> totalResourceLimit:<memory:<*>, vCores:<*>> finalMapResourceLimit:<memory:<*>, vCores:<*>> finalReduceResourceLimit:<memory:<*>, vCores:<*>> netScheduledMapResource:<memory:<*>, vCores:<*>> netScheduledReduceResource:<memory:<*>, vCores:<*>>","['0.3', '17408', '22>', '12186', '16>', '5222', '6>', '51200', '10>', '0', '0>']"
181,2023-11-29,00:15:31,990,INFO,[RMCommunicator Allocator] org.apache.hadoop.mapreduce.v2.app.rm.RMContainerAllocator,Ramping up 1,abfa93dd,Ramping up <*>,['1']
182,2023-11-29,00:15:31,990,INFO,[RMCommunicator Allocator] org.apache.hadoop.mapreduce.v2.app.rm.RMContainerAllocator,After Scheduling: PendingReds:0 ScheduledMaps:7 ScheduledReds:1 AssignedMaps:3 AssignedReds:0 CompletedMaps:3 CompletedReds:0 ContAlloc:3 ContRel:0 HostLocal:3 RackLocal:0,b1bdc9c9,After Scheduling: PendingReds:<*> ScheduledMaps:<*> ScheduledReds:<*> AssignedMaps:<*> AssignedReds:<*> CompletedMaps:<*> CompletedReds:<*> ContAlloc:<*> ContRel:<*> HostLocal:<*> RackLocal:<*>,"['0', '7', '1', '3', '0', '3', '0', '3', '0', '3', '0']"
183,2023-11-29,00:15:33,009,INFO,[RMCommunicator Allocator] org.apache.hadoop.mapreduce.v2.app.rm.RMContainerRequestor,"getResources() for application_1701142038763_0282: ask=1 release= 0 newContainers=3 finishedContainers=3 resourcelimit=<memory:2048, vCores:19> knownNMs=3",6d3d97fc,"getResources() for application_<*>_<*>: ask=<*> release= <*> newContainers=<*> finishedContainers=<*> resourcelimit=<memory:<*>, vCores:<*>> knownNMs=<*>","['1701142038763_0282', '1', '0', '3', '3', '2048', '19>', '3']"
184,2023-11-29,00:15:33,010,INFO,[RMCommunicator Allocator] org.apache.hadoop.mapreduce.v2.app.rm.RMContainerAllocator,Received completed container container_1701142038763_0282_01_000004,279694a4,Received completed container container_<*>_<*>_<*>_<*>,"['1701142038763', '0282_01_000004']"
185,2023-11-29,00:15:33,010,INFO,[RMCommunicator Allocator] org.apache.hadoop.mapreduce.v2.app.rm.RMContainerAllocator,Received completed container container_1701142038763_0282_01_000006,279694a4,Received completed container container_<*>_<*>_<*>_<*>,"['1701142038763', '0282_01_000006']"
186,2023-11-29,00:15:33,011,INFO,[RMCommunicator Allocator] org.apache.hadoop.mapreduce.v2.app.rm.RMContainerAllocator,Received completed container container_1701142038763_0282_01_000002,279694a4,Received completed container container_<*>_<*>_<*>_<*>,"['1701142038763', '0282_01_000002']"
187,2023-11-29,00:15:33,011,INFO,[RMCommunicator Allocator] org.apache.hadoop.mapreduce.v2.app.rm.RMContainerAllocator,Got allocated containers 3,0f71bb1f,Got allocated containers <*>,['3']
188,2023-11-29,00:15:33,011,INFO,[AsyncDispatcher event handler] org.apache.hadoop.mapreduce.v2.app.job.impl.TaskAttemptImpl,Diagnostics report from attempt_1701142038763_0282_m_000001_0:,cdaa1ea7,Diagnostics report from attempt_<*>_<*>_m_<*>_<*>:,"['1701142038763_0282', '000001_0']"
189,2023-11-29,00:15:33,011,INFO,[RMCommunicator Allocator] org.apache.hadoop.mapreduce.v2.app.rm.RMContainerAllocator,Assigned container container_1701142038763_0282_01_000003 to attempt_1701142038763_0282_m_000003_0,99dd87cd,Assigned container container_<*>_<*>_<*>_<*> to <*>,"['1701142038763', '0282_01_000003', 'attempt_1701142038763_0282_m_000003_0']"
190,2023-11-29,00:15:33,011,INFO,[AsyncDispatcher event handler] org.apache.hadoop.mapreduce.v2.app.job.impl.TaskAttemptImpl,attempt_1701142038763_0282_m_000001_0 TaskAttempt Transitioned from SUCCESS_FINISHING_CONTAINER to SUCCEEDED,590bd861,attempt_<*>_<*>_m_<*>_<*> TaskAttempt Transitioned from <*> to <*>,"['1701142038763_0282', '000001_0', 'SUCCESS_FINISHING_CONTAINER', 'SUCCEEDED']"
191,2023-11-29,00:15:33,011,INFO,[RMCommunicator Allocator] org.apache.hadoop.mapreduce.v2.app.rm.RMContainerAllocator,Assigned container container_1701142038763_0282_01_000007 to attempt_1701142038763_0282_m_000004_0,99dd87cd,Assigned container container_<*>_<*>_<*>_<*> to <*>,"['1701142038763', '0282_01_000007', 'attempt_1701142038763_0282_m_000004_0']"
192,2023-11-29,00:15:33,011,INFO,[AsyncDispatcher event handler] org.apache.hadoop.mapreduce.v2.app.job.impl.TaskAttemptImpl,Diagnostics report from attempt_1701142038763_0282_m_000002_0:,cdaa1ea7,Diagnostics report from attempt_<*>_<*>_m_<*>_<*>:,"['1701142038763_0282', '000002_0']"
193,2023-11-29,00:15:33,011,INFO,[RMCommunicator Allocator] org.apache.hadoop.mapreduce.v2.app.rm.RMContainerAllocator,Assigned container container_1701142038763_0282_01_000009 to attempt_1701142038763_0282_m_000005_0,99dd87cd,Assigned container container_<*>_<*>_<*>_<*> to <*>,"['1701142038763', '0282_01_000009', 'attempt_1701142038763_0282_m_000005_0']"
194,2023-11-29,00:15:33,011,INFO,[AsyncDispatcher event handler] org.apache.hadoop.mapreduce.v2.app.job.impl.TaskAttemptImpl,attempt_1701142038763_0282_m_000002_0 TaskAttempt Transitioned from SUCCESS_FINISHING_CONTAINER to SUCCEEDED,590bd861,attempt_<*>_<*>_m_<*>_<*> TaskAttempt Transitioned from <*> to <*>,"['1701142038763_0282', '000002_0', 'SUCCESS_FINISHING_CONTAINER', 'SUCCEEDED']"
195,2023-11-29,00:15:33,011,INFO,[RMCommunicator Allocator] org.apache.hadoop.mapreduce.v2.app.rm.RMContainerAllocator,After Scheduling: PendingReds:0 ScheduledMaps:4 ScheduledReds:1 AssignedMaps:3 AssignedReds:0 CompletedMaps:3 CompletedReds:0 ContAlloc:6 ContRel:0 HostLocal:6 RackLocal:0,b1bdc9c9,After Scheduling: PendingReds:<*> ScheduledMaps:<*> ScheduledReds:<*> AssignedMaps:<*> AssignedReds:<*> CompletedMaps:<*> CompletedReds:<*> ContAlloc:<*> ContRel:<*> HostLocal:<*> RackLocal:<*>,"['0', '4', '1', '3', '0', '3', '0', '6', '0', '6', '0']"
196,2023-11-29,00:15:33,012,INFO,[AsyncDispatcher event handler] org.apache.hadoop.mapreduce.v2.app.job.impl.TaskAttemptImpl,Diagnostics report from attempt_1701142038763_0282_m_000000_0:,cdaa1ea7,Diagnostics report from attempt_<*>_<*>_m_<*>_<*>:,"['1701142038763_0282', '000000_0']"
197,2023-11-29,00:15:33,012,INFO,[AsyncDispatcher event handler] org.apache.hadoop.mapreduce.v2.app.job.impl.TaskAttemptImpl,attempt_1701142038763_0282_m_000000_0 TaskAttempt Transitioned from SUCCESS_FINISHING_CONTAINER to SUCCEEDED,590bd861,attempt_<*>_<*>_m_<*>_<*> TaskAttempt Transitioned from <*> to <*>,"['1701142038763_0282', '000000_0', 'SUCCESS_FINISHING_CONTAINER', 'SUCCEEDED']"
198,2023-11-29,00:15:33,017,INFO,[AsyncDispatcher event handler] org.apache.hadoop.mapreduce.v2.app.job.impl.TaskAttemptImpl,attempt_1701142038763_0282_m_000003_0 TaskAttempt Transitioned from UNASSIGNED to ASSIGNED,590bd861,attempt_<*>_<*>_m_<*>_<*> TaskAttempt Transitioned from <*> to <*>,"['1701142038763_0282', '000003_0', 'UNASSIGNED', 'ASSIGNED']"
199,2023-11-29,00:15:33,019,INFO,[ContainerLauncher #3] org.apache.hadoop.mapreduce.v2.app.launcher.ContainerLauncherImpl,Processing the event EventType: CONTAINER_COMPLETED for container container_1701142038763_0282_01_000004 taskAttempt attempt_1701142038763_0282_m_000001_0,36fc78d1,Processing the event EventType: <*> for container container_<*>_<*>_<*>_<*> taskAttempt <*>,"['CONTAINER_COMPLETED', '1701142038763', '0282_01_000004', 'attempt_1701142038763_0282_m_000001_0']"
200,2023-11-29,00:15:33,021,INFO,[AsyncDispatcher event handler] org.apache.hadoop.mapreduce.v2.app.job.impl.TaskAttemptImpl,attempt_1701142038763_0282_m_000004_0 TaskAttempt Transitioned from UNASSIGNED to ASSIGNED,590bd861,attempt_<*>_<*>_m_<*>_<*> TaskAttempt Transitioned from <*> to <*>,"['1701142038763_0282', '000004_0', 'UNASSIGNED', 'ASSIGNED']"
201,2023-11-29,00:15:33,023,INFO,[AsyncDispatcher event handler] org.apache.hadoop.mapreduce.v2.app.job.impl.TaskAttemptImpl,attempt_1701142038763_0282_m_000005_0 TaskAttempt Transitioned from UNASSIGNED to ASSIGNED,590bd861,attempt_<*>_<*>_m_<*>_<*> TaskAttempt Transitioned from <*> to <*>,"['1701142038763_0282', '000005_0', 'UNASSIGNED', 'ASSIGNED']"
202,2023-11-29,00:15:33,024,INFO,[ContainerLauncher #4] org.apache.hadoop.mapreduce.v2.app.launcher.ContainerLauncherImpl,Processing the event EventType: CONTAINER_COMPLETED for container container_1701142038763_0282_01_000006 taskAttempt attempt_1701142038763_0282_m_000002_0,36fc78d1,Processing the event EventType: <*> for container container_<*>_<*>_<*>_<*> taskAttempt <*>,"['CONTAINER_COMPLETED', '1701142038763', '0282_01_000006', 'attempt_1701142038763_0282_m_000002_0']"
203,2023-11-29,00:15:33,025,INFO,[ContainerLauncher #5] org.apache.hadoop.mapreduce.v2.app.launcher.ContainerLauncherImpl,Processing the event EventType: CONTAINER_COMPLETED for container container_1701142038763_0282_01_000002 taskAttempt attempt_1701142038763_0282_m_000000_0,36fc78d1,Processing the event EventType: <*> for container container_<*>_<*>_<*>_<*> taskAttempt <*>,"['CONTAINER_COMPLETED', '1701142038763', '0282_01_000002', 'attempt_1701142038763_0282_m_000000_0']"
204,2023-11-29,00:15:33,025,INFO,[ContainerLauncher #6] org.apache.hadoop.mapreduce.v2.app.launcher.ContainerLauncherImpl,Processing the event EventType: CONTAINER_REMOTE_LAUNCH for container container_1701142038763_0282_01_000003 taskAttempt attempt_1701142038763_0282_m_000003_0,36fc78d1,Processing the event EventType: <*> for container container_<*>_<*>_<*>_<*> taskAttempt <*>,"['CONTAINER_REMOTE_LAUNCH', '1701142038763', '0282_01_000003', 'attempt_1701142038763_0282_m_000003_0']"
205,2023-11-29,00:15:33,025,INFO,[ContainerLauncher #6] org.apache.hadoop.mapreduce.v2.app.launcher.ContainerLauncherImpl,Launching attempt_1701142038763_0282_m_000003_0,df347da1,Launching <*>,['attempt_1701142038763_0282_m_000003_0']
206,2023-11-29,00:15:33,026,INFO,[ContainerLauncher #7] org.apache.hadoop.mapreduce.v2.app.launcher.ContainerLauncherImpl,Processing the event EventType: CONTAINER_REMOTE_LAUNCH for container container_1701142038763_0282_01_000007 taskAttempt attempt_1701142038763_0282_m_000004_0,36fc78d1,Processing the event EventType: <*> for container container_<*>_<*>_<*>_<*> taskAttempt <*>,"['CONTAINER_REMOTE_LAUNCH', '1701142038763', '0282_01_000007', 'attempt_1701142038763_0282_m_000004_0']"
207,2023-11-29,00:15:33,026,INFO,[ContainerLauncher #7] org.apache.hadoop.mapreduce.v2.app.launcher.ContainerLauncherImpl,Launching attempt_1701142038763_0282_m_000004_0,df347da1,Launching <*>,['attempt_1701142038763_0282_m_000004_0']
208,2023-11-29,00:15:33,027,INFO,[ContainerLauncher #8] org.apache.hadoop.mapreduce.v2.app.launcher.ContainerLauncherImpl,Processing the event EventType: CONTAINER_REMOTE_LAUNCH for container container_1701142038763_0282_01_000009 taskAttempt attempt_1701142038763_0282_m_000005_0,36fc78d1,Processing the event EventType: <*> for container container_<*>_<*>_<*>_<*> taskAttempt <*>,"['CONTAINER_REMOTE_LAUNCH', '1701142038763', '0282_01_000009', 'attempt_1701142038763_0282_m_000005_0']"
209,2023-11-29,00:15:33,027,INFO,[ContainerLauncher #8] org.apache.hadoop.mapreduce.v2.app.launcher.ContainerLauncherImpl,Launching attempt_1701142038763_0282_m_000005_0,df347da1,Launching <*>,['attempt_1701142038763_0282_m_000005_0']
210,2023-11-29,00:15:33,046,INFO,[ContainerLauncher #6] org.apache.hadoop.mapreduce.v2.app.launcher.ContainerLauncherImpl,Shuffle port returned by ContainerManager for attempt_1701142038763_0282_m_000003_0 : 13562,f4ac93f2,Shuffle port returned by ContainerManager for <*> : <*>,"['attempt_1701142038763_0282_m_000003_0', '13562']"
211,2023-11-29,00:15:33,047,INFO,[AsyncDispatcher event handler] org.apache.hadoop.mapreduce.v2.app.job.impl.TaskAttemptImpl,TaskAttempt: [attempt_1701142038763_0282_m_000003_0] using containerId: [container_1701142038763_0282_01_000003 on NM: [2f08f873c798:37279],97232dd5,TaskAttempt: <*> using containerId: [container_<*>_<*>_<*>_<*> on NM: <*>,"['[attempt_1701142038763_0282_m_000003_0]', '1701142038763', '0282_01_000003', '[2f08f873c798:37279]']"
212,2023-11-29,00:15:33,047,INFO,[AsyncDispatcher event handler] org.apache.hadoop.mapreduce.v2.app.job.impl.TaskAttemptImpl,attempt_1701142038763_0282_m_000003_0 TaskAttempt Transitioned from ASSIGNED to RUNNING,590bd861,attempt_<*>_<*>_m_<*>_<*> TaskAttempt Transitioned from <*> to <*>,"['1701142038763_0282', '000003_0', 'ASSIGNED', 'RUNNING']"
213,2023-11-29,00:15:33,048,INFO,[AsyncDispatcher event handler] org.apache.hadoop.mapreduce.v2.app.speculate.DefaultSpeculator,ATTEMPT_START task_1701142038763_0282_m_000003,e215e532,ATTEMPT_START <*>,['task_1701142038763_0282_m_000003']
214,2023-11-29,00:15:33,048,INFO,[AsyncDispatcher event handler] org.apache.hadoop.mapreduce.v2.app.job.impl.TaskImpl,task_1701142038763_0282_m_000003 Task Transitioned from SCHEDULED to RUNNING,d231a1af,task_<*>_<*>_m_<*> Task Transitioned from <*> to <*>,"['1701142038763_0282', '000003', 'SCHEDULED', 'RUNNING']"
215,2023-11-29,00:15:33,052,INFO,[ContainerLauncher #8] org.apache.hadoop.mapreduce.v2.app.launcher.ContainerLauncherImpl,Shuffle port returned by ContainerManager for attempt_1701142038763_0282_m_000005_0 : 13562,f4ac93f2,Shuffle port returned by ContainerManager for <*> : <*>,"['attempt_1701142038763_0282_m_000005_0', '13562']"
216,2023-11-29,00:15:33,053,INFO,[AsyncDispatcher event handler] org.apache.hadoop.mapreduce.v2.app.job.impl.TaskAttemptImpl,TaskAttempt: [attempt_1701142038763_0282_m_000005_0] using containerId: [container_1701142038763_0282_01_000009 on NM: [ed761ad59d44:45797],97232dd5,TaskAttempt: <*> using containerId: [container_<*>_<*>_<*>_<*> on NM: <*>,"['[attempt_1701142038763_0282_m_000005_0]', '1701142038763', '0282_01_000009', '[ed761ad59d44:45797]']"
217,2023-11-29,00:15:33,053,INFO,[AsyncDispatcher event handler] org.apache.hadoop.mapreduce.v2.app.job.impl.TaskAttemptImpl,attempt_1701142038763_0282_m_000005_0 TaskAttempt Transitioned from ASSIGNED to RUNNING,590bd861,attempt_<*>_<*>_m_<*>_<*> TaskAttempt Transitioned from <*> to <*>,"['1701142038763_0282', '000005_0', 'ASSIGNED', 'RUNNING']"
218,2023-11-29,00:15:33,053,INFO,[AsyncDispatcher event handler] org.apache.hadoop.mapreduce.v2.app.speculate.DefaultSpeculator,ATTEMPT_START task_1701142038763_0282_m_000005,e215e532,ATTEMPT_START <*>,['task_1701142038763_0282_m_000005']
219,2023-11-29,00:15:33,053,INFO,[AsyncDispatcher event handler] org.apache.hadoop.mapreduce.v2.app.job.impl.TaskImpl,task_1701142038763_0282_m_000005 Task Transitioned from SCHEDULED to RUNNING,d231a1af,task_<*>_<*>_m_<*> Task Transitioned from <*> to <*>,"['1701142038763_0282', '000005', 'SCHEDULED', 'RUNNING']"
220,2023-11-29,00:15:33,056,INFO,[ContainerLauncher #7] org.apache.hadoop.mapreduce.v2.app.launcher.ContainerLauncherImpl,Shuffle port returned by ContainerManager for attempt_1701142038763_0282_m_000004_0 : 13562,f4ac93f2,Shuffle port returned by ContainerManager for <*> : <*>,"['attempt_1701142038763_0282_m_000004_0', '13562']"
221,2023-11-29,00:15:33,056,INFO,[AsyncDispatcher event handler] org.apache.hadoop.mapreduce.v2.app.job.impl.TaskAttemptImpl,TaskAttempt: [attempt_1701142038763_0282_m_000004_0] using containerId: [container_1701142038763_0282_01_000007 on NM: [cf6e5ca2712c:46101],97232dd5,TaskAttempt: <*> using containerId: [container_<*>_<*>_<*>_<*> on NM: <*>,"['[attempt_1701142038763_0282_m_000004_0]', '1701142038763', '0282_01_000007', '[cf6e5ca2712c:46101]']"
222,2023-11-29,00:15:33,057,INFO,[AsyncDispatcher event handler] org.apache.hadoop.mapreduce.v2.app.job.impl.TaskAttemptImpl,attempt_1701142038763_0282_m_000004_0 TaskAttempt Transitioned from ASSIGNED to RUNNING,590bd861,attempt_<*>_<*>_m_<*>_<*> TaskAttempt Transitioned from <*> to <*>,"['1701142038763_0282', '000004_0', 'ASSIGNED', 'RUNNING']"
223,2023-11-29,00:15:33,057,INFO,[AsyncDispatcher event handler] org.apache.hadoop.mapreduce.v2.app.speculate.DefaultSpeculator,ATTEMPT_START task_1701142038763_0282_m_000004,e215e532,ATTEMPT_START <*>,['task_1701142038763_0282_m_000004']
224,2023-11-29,00:15:33,057,INFO,[AsyncDispatcher event handler] org.apache.hadoop.mapreduce.v2.app.job.impl.TaskImpl,task_1701142038763_0282_m_000004 Task Transitioned from SCHEDULED to RUNNING,d231a1af,task_<*>_<*>_m_<*> Task Transitioned from <*> to <*>,"['1701142038763_0282', '000004', 'SCHEDULED', 'RUNNING']"
225,2023-11-29,00:15:34,015,INFO,[RMCommunicator Allocator] org.apache.hadoop.mapreduce.v2.app.rm.RMContainerRequestor,"getResources() for application_1701142038763_0282: ask=5 release= 0 newContainers=0 finishedContainers=0 resourcelimit=<memory:2048, vCores:19> knownNMs=3",6d3d97fc,"getResources() for application_<*>_<*>: ask=<*> release= <*> newContainers=<*> finishedContainers=<*> resourcelimit=<memory:<*>, vCores:<*>> knownNMs=<*>","['1701142038763_0282', '5', '0', '0', '0', '2048', '19>', '3']"
226,2023-11-29,00:15:34,292,INFO,[Socket Reader #1 for port 0] SecurityLogger.org.apache.hadoop.ipc.Server,Auth successful for job_1701142038763_0282 (auth:SIMPLE) from 2f08f873c798:45738 / 192.161.20.17:45738,d8c9fc3d,Auth successful for job_<*>_<*> (auth:SIMPLE) from <*> / <*>,"['1701142038763_0282', '2f08f873c798:45738', '192.161.20.17:45738']"
227,2023-11-29,00:15:34,304,INFO,[IPC Server handler 6 on default port 45763] org.apache.hadoop.mapred.TaskAttemptListenerImpl,JVM with ID : jvm_1701142038763_0282_m_000003 asked for a task,60675cee,JVM with ID : <*> asked for a task,['jvm_1701142038763_0282_m_000003']
228,2023-11-29,00:15:34,305,INFO,[IPC Server handler 6 on default port 45763] org.apache.hadoop.mapred.TaskAttemptListenerImpl,JVM with ID: jvm_1701142038763_0282_m_000003 given task: attempt_1701142038763_0282_m_000003_0,2a1c144a,JVM with ID: <*> given task: <*>,"['jvm_1701142038763_0282_m_000003', 'attempt_1701142038763_0282_m_000003_0']"
229,2023-11-29,00:15:34,354,INFO,[Socket Reader #1 for port 0] SecurityLogger.org.apache.hadoop.ipc.Server,Auth successful for job_1701142038763_0282 (auth:SIMPLE) from cf6e5ca2712c:50828 / 192.161.20.5:50828,d8c9fc3d,Auth successful for job_<*>_<*> (auth:SIMPLE) from <*> / <*>,"['1701142038763_0282', 'cf6e5ca2712c:50828', '192.161.20.5:50828']"
230,2023-11-29,00:15:34,356,INFO,[Socket Reader #1 for port 0] SecurityLogger.org.apache.hadoop.ipc.Server,Auth successful for job_1701142038763_0282 (auth:SIMPLE) from ed761ad59d44:39216 / 192.161.20.23:39216,d8c9fc3d,Auth successful for job_<*>_<*> (auth:SIMPLE) from <*> / <*>,"['1701142038763_0282', 'ed761ad59d44:39216', '192.161.20.23:39216']"
231,2023-11-29,00:15:34,367,INFO,[IPC Server handler 7 on default port 45763] org.apache.hadoop.mapred.TaskAttemptListenerImpl,JVM with ID : jvm_1701142038763_0282_m_000007 asked for a task,60675cee,JVM with ID : <*> asked for a task,['jvm_1701142038763_0282_m_000007']
232,2023-11-29,00:15:34,367,INFO,[IPC Server handler 7 on default port 45763] org.apache.hadoop.mapred.TaskAttemptListenerImpl,JVM with ID: jvm_1701142038763_0282_m_000007 given task: attempt_1701142038763_0282_m_000004_0,2a1c144a,JVM with ID: <*> given task: <*>,"['jvm_1701142038763_0282_m_000007', 'attempt_1701142038763_0282_m_000004_0']"
233,2023-11-29,00:15:34,369,INFO,[IPC Server handler 8 on default port 45763] org.apache.hadoop.mapred.TaskAttemptListenerImpl,JVM with ID : jvm_1701142038763_0282_m_000009 asked for a task,60675cee,JVM with ID : <*> asked for a task,['jvm_1701142038763_0282_m_000009']
234,2023-11-29,00:15:34,369,INFO,[IPC Server handler 8 on default port 45763] org.apache.hadoop.mapred.TaskAttemptListenerImpl,JVM with ID: jvm_1701142038763_0282_m_000009 given task: attempt_1701142038763_0282_m_000005_0,2a1c144a,JVM with ID: <*> given task: <*>,"['jvm_1701142038763_0282_m_000009', 'attempt_1701142038763_0282_m_000005_0']"
235,2023-11-29,00:15:35,383,INFO,[IPC Server handler 14 on default port 45763] org.apache.hadoop.mapred.TaskAttemptListenerImpl,Progress of TaskAttempt attempt_1701142038763_0282_m_000003_0 is : 0.0,b53b8ef4,Progress of TaskAttempt <*> is : <*>.<*>,"['attempt_1701142038763_0282_m_000003_0', '0.0']"
236,2023-11-29,00:15:35,518,INFO,[IPC Server handler 12 on default port 45763] org.apache.hadoop.mapred.TaskAttemptListenerImpl,Progress of TaskAttempt attempt_1701142038763_0282_m_000005_0 is : 0.0,b53b8ef4,Progress of TaskAttempt <*> is : <*>.<*>,"['attempt_1701142038763_0282_m_000005_0', '0.0']"
237,2023-11-29,00:15:35,529,INFO,[IPC Server handler 9 on default port 45763] org.apache.hadoop.mapred.TaskAttemptListenerImpl,Progress of TaskAttempt attempt_1701142038763_0282_m_000004_0 is : 0.0,b53b8ef4,Progress of TaskAttempt <*> is : <*>.<*>,"['attempt_1701142038763_0282_m_000004_0', '0.0']"
238,2023-11-29,00:15:35,563,INFO,[IPC Server handler 11 on default port 45763] org.apache.hadoop.mapred.TaskAttemptListenerImpl,Progress of TaskAttempt attempt_1701142038763_0282_m_000005_0 is : 1.0,b53b8ef4,Progress of TaskAttempt <*> is : <*>.<*>,"['attempt_1701142038763_0282_m_000005_0', '1.0']"
239,2023-11-29,00:15:35,569,INFO,[IPC Server handler 10 on default port 45763] org.apache.hadoop.mapred.TaskAttemptListenerImpl,Done acknowledgment from attempt_1701142038763_0282_m_000005_0,6995e31f,Done acknowledgment from <*>,['attempt_1701142038763_0282_m_000005_0']
240,2023-11-29,00:15:35,570,INFO,[AsyncDispatcher event handler] org.apache.hadoop.mapreduce.v2.app.job.impl.TaskAttemptImpl,attempt_1701142038763_0282_m_000005_0 TaskAttempt Transitioned from RUNNING to SUCCESS_FINISHING_CONTAINER,590bd861,attempt_<*>_<*>_m_<*>_<*> TaskAttempt Transitioned from <*> to <*>,"['1701142038763_0282', '000005_0', 'RUNNING', 'SUCCESS_FINISHING_CONTAINER']"
241,2023-11-29,00:15:35,570,INFO,[AsyncDispatcher event handler] org.apache.hadoop.mapreduce.v2.app.job.impl.TaskImpl,Task succeeded with attempt attempt_1701142038763_0282_m_000005_0,007ded00,Task succeeded with attempt <*>,['attempt_1701142038763_0282_m_000005_0']
242,2023-11-29,00:15:35,570,INFO,[AsyncDispatcher event handler] org.apache.hadoop.mapreduce.v2.app.job.impl.TaskImpl,task_1701142038763_0282_m_000005 Task Transitioned from RUNNING to SUCCEEDED,d231a1af,task_<*>_<*>_m_<*> Task Transitioned from <*> to <*>,"['1701142038763_0282', '000005', 'RUNNING', 'SUCCEEDED']"
243,2023-11-29,00:15:35,571,INFO,[AsyncDispatcher event handler] org.apache.hadoop.mapreduce.v2.app.job.impl.JobImpl,Num completed Tasks: 4,3a2741bf,Num completed Tasks: <*>,['4']
244,2023-11-29,00:15:35,572,INFO,[IPC Server handler 18 on default port 45763] org.apache.hadoop.mapred.TaskAttemptListenerImpl,Progress of TaskAttempt attempt_1701142038763_0282_m_000004_0 is : 1.0,b53b8ef4,Progress of TaskAttempt <*> is : <*>.<*>,"['attempt_1701142038763_0282_m_000004_0', '1.0']"
245,2023-11-29,00:15:35,578,INFO,[IPC Server handler 13 on default port 45763] org.apache.hadoop.mapred.TaskAttemptListenerImpl,Done acknowledgment from attempt_1701142038763_0282_m_000004_0,6995e31f,Done acknowledgment from <*>,['attempt_1701142038763_0282_m_000004_0']
246,2023-11-29,00:15:35,579,INFO,[AsyncDispatcher event handler] org.apache.hadoop.mapreduce.v2.app.job.impl.TaskAttemptImpl,attempt_1701142038763_0282_m_000004_0 TaskAttempt Transitioned from RUNNING to SUCCESS_FINISHING_CONTAINER,590bd861,attempt_<*>_<*>_m_<*>_<*> TaskAttempt Transitioned from <*> to <*>,"['1701142038763_0282', '000004_0', 'RUNNING', 'SUCCESS_FINISHING_CONTAINER']"
247,2023-11-29,00:15:35,580,INFO,[AsyncDispatcher event handler] org.apache.hadoop.mapreduce.v2.app.job.impl.TaskImpl,Task succeeded with attempt attempt_1701142038763_0282_m_000004_0,007ded00,Task succeeded with attempt <*>,['attempt_1701142038763_0282_m_000004_0']
248,2023-11-29,00:15:35,580,INFO,[AsyncDispatcher event handler] org.apache.hadoop.mapreduce.v2.app.job.impl.TaskImpl,task_1701142038763_0282_m_000004 Task Transitioned from RUNNING to SUCCEEDED,d231a1af,task_<*>_<*>_m_<*> Task Transitioned from <*> to <*>,"['1701142038763_0282', '000004', 'RUNNING', 'SUCCEEDED']"
249,2023-11-29,00:15:35,580,INFO,[AsyncDispatcher event handler] org.apache.hadoop.mapreduce.v2.app.job.impl.JobImpl,Num completed Tasks: 5,3a2741bf,Num completed Tasks: <*>,['5']
250,2023-11-29,00:15:35,667,INFO,[IPC Server handler 17 on default port 45763] org.apache.hadoop.mapred.TaskAttemptListenerImpl,Progress of TaskAttempt attempt_1701142038763_0282_m_000003_0 is : 1.0,b53b8ef4,Progress of TaskAttempt <*> is : <*>.<*>,"['attempt_1701142038763_0282_m_000003_0', '1.0']"
251,2023-11-29,00:15:35,671,INFO,[IPC Server handler 16 on default port 45763] org.apache.hadoop.mapred.TaskAttemptListenerImpl,Done acknowledgment from attempt_1701142038763_0282_m_000003_0,6995e31f,Done acknowledgment from <*>,['attempt_1701142038763_0282_m_000003_0']
252,2023-11-29,00:15:35,672,INFO,[AsyncDispatcher event handler] org.apache.hadoop.mapreduce.v2.app.job.impl.TaskAttemptImpl,attempt_1701142038763_0282_m_000003_0 TaskAttempt Transitioned from RUNNING to SUCCESS_FINISHING_CONTAINER,590bd861,attempt_<*>_<*>_m_<*>_<*> TaskAttempt Transitioned from <*> to <*>,"['1701142038763_0282', '000003_0', 'RUNNING', 'SUCCESS_FINISHING_CONTAINER']"
253,2023-11-29,00:15:35,673,INFO,[AsyncDispatcher event handler] org.apache.hadoop.mapreduce.v2.app.job.impl.TaskImpl,Task succeeded with attempt attempt_1701142038763_0282_m_000003_0,007ded00,Task succeeded with attempt <*>,['attempt_1701142038763_0282_m_000003_0']
254,2023-11-29,00:15:35,674,INFO,[AsyncDispatcher event handler] org.apache.hadoop.mapreduce.v2.app.job.impl.TaskImpl,task_1701142038763_0282_m_000003 Task Transitioned from RUNNING to SUCCEEDED,d231a1af,task_<*>_<*>_m_<*> Task Transitioned from <*> to <*>,"['1701142038763_0282', '000003', 'RUNNING', 'SUCCEEDED']"
255,2023-11-29,00:15:35,675,INFO,[AsyncDispatcher event handler] org.apache.hadoop.mapreduce.v2.app.job.impl.JobImpl,Num completed Tasks: 6,3a2741bf,Num completed Tasks: <*>,['6']
256,2023-11-29,00:15:36,019,INFO,[RMCommunicator Allocator] org.apache.hadoop.mapreduce.v2.app.rm.RMContainerAllocator,Before Scheduling: PendingReds:0 ScheduledMaps:4 ScheduledReds:1 AssignedMaps:3 AssignedReds:0 CompletedMaps:6 CompletedReds:0 ContAlloc:6 ContRel:0 HostLocal:6 RackLocal:0,f3cfcdcd,Before Scheduling: PendingReds:<*> ScheduledMaps:<*> ScheduledReds:<*> AssignedMaps:<*> AssignedReds:<*> CompletedMaps:<*> CompletedReds:<*> ContAlloc:<*> ContRel:<*> HostLocal:<*> RackLocal:<*>,"['0', '4', '1', '3', '0', '6', '0', '6', '0', '6', '0']"
257,2023-11-29,00:15:36,026,INFO,[RMCommunicator Allocator] org.apache.hadoop.mapreduce.v2.app.rm.RMContainerAllocator,Received completed container container_1701142038763_0282_01_000007,279694a4,Received completed container container_<*>_<*>_<*>_<*>,"['1701142038763', '0282_01_000007']"
258,2023-11-29,00:15:36,026,INFO,[RMCommunicator Allocator] org.apache.hadoop.mapreduce.v2.app.rm.RMContainerAllocator,Received completed container container_1701142038763_0282_01_000009,279694a4,Received completed container container_<*>_<*>_<*>_<*>,"['1701142038763', '0282_01_000009']"
259,2023-11-29,00:15:36,026,INFO,[AsyncDispatcher event handler] org.apache.hadoop.mapreduce.v2.app.job.impl.TaskAttemptImpl,Diagnostics report from attempt_1701142038763_0282_m_000004_0:,cdaa1ea7,Diagnostics report from attempt_<*>_<*>_m_<*>_<*>:,"['1701142038763_0282', '000004_0']"
260,2023-11-29,00:15:36,026,INFO,[RMCommunicator Allocator] org.apache.hadoop.mapreduce.v2.app.rm.RMContainerAllocator,Got allocated containers 2,0f71bb1f,Got allocated containers <*>,['2']
261,2023-11-29,00:15:36,026,INFO,[AsyncDispatcher event handler] org.apache.hadoop.mapreduce.v2.app.job.impl.TaskAttemptImpl,attempt_1701142038763_0282_m_000004_0 TaskAttempt Transitioned from SUCCESS_FINISHING_CONTAINER to SUCCEEDED,590bd861,attempt_<*>_<*>_m_<*>_<*> TaskAttempt Transitioned from <*> to <*>,"['1701142038763_0282', '000004_0', 'SUCCESS_FINISHING_CONTAINER', 'SUCCEEDED']"
262,2023-11-29,00:15:36,026,INFO,[AsyncDispatcher event handler] org.apache.hadoop.mapreduce.v2.app.job.impl.TaskAttemptImpl,Diagnostics report from attempt_1701142038763_0282_m_000005_0:,cdaa1ea7,Diagnostics report from attempt_<*>_<*>_m_<*>_<*>:,"['1701142038763_0282', '000005_0']"
263,2023-11-29,00:15:36,027,INFO,[AsyncDispatcher event handler] org.apache.hadoop.mapreduce.v2.app.job.impl.TaskAttemptImpl,attempt_1701142038763_0282_m_000005_0 TaskAttempt Transitioned from SUCCESS_FINISHING_CONTAINER to SUCCEEDED,590bd861,attempt_<*>_<*>_m_<*>_<*> TaskAttempt Transitioned from <*> to <*>,"['1701142038763_0282', '000005_0', 'SUCCESS_FINISHING_CONTAINER', 'SUCCEEDED']"
264,2023-11-29,00:15:36,027,INFO,[RMCommunicator Allocator] org.apache.hadoop.mapreduce.v2.app.rm.RMContainerAllocator,Assigned to reduce,ff65c706,Assigned to reduce,[]
265,2023-11-29,00:15:36,027,INFO,[RMCommunicator Allocator] org.apache.hadoop.mapreduce.v2.app.rm.RMContainerAllocator,Assigned container container_1701142038763_0282_01_000010 to attempt_1701142038763_0282_r_000000_0,99dd87cd,Assigned container container_<*>_<*>_<*>_<*> to <*>,"['1701142038763', '0282_01_000010', 'attempt_1701142038763_0282_r_000000_0']"
266,2023-11-29,00:15:36,028,INFO,[RMCommunicator Allocator] org.apache.hadoop.mapreduce.v2.app.rm.RMContainerAllocator,Assigned container container_1701142038763_0282_01_000008 to attempt_1701142038763_0282_m_000006_0,99dd87cd,Assigned container container_<*>_<*>_<*>_<*> to <*>,"['1701142038763', '0282_01_000008', 'attempt_1701142038763_0282_m_000006_0']"
267,2023-11-29,00:15:36,028,INFO,[RMCommunicator Allocator] org.apache.hadoop.mapreduce.v2.app.rm.RMContainerAllocator,After Scheduling: PendingReds:0 ScheduledMaps:3 ScheduledReds:0 AssignedMaps:2 AssignedReds:1 CompletedMaps:6 CompletedReds:0 ContAlloc:8 ContRel:0 HostLocal:7 RackLocal:0,b1bdc9c9,After Scheduling: PendingReds:<*> ScheduledMaps:<*> ScheduledReds:<*> AssignedMaps:<*> AssignedReds:<*> CompletedMaps:<*> CompletedReds:<*> ContAlloc:<*> ContRel:<*> HostLocal:<*> RackLocal:<*>,"['0', '3', '0', '2', '1', '6', '0', '8', '0', '7', '0']"
268,2023-11-29,00:15:36,028,INFO,[ContainerLauncher #1] org.apache.hadoop.mapreduce.v2.app.launcher.ContainerLauncherImpl,Processing the event EventType: CONTAINER_COMPLETED for container container_1701142038763_0282_01_000009 taskAttempt attempt_1701142038763_0282_m_000005_0,36fc78d1,Processing the event EventType: <*> for container container_<*>_<*>_<*>_<*> taskAttempt <*>,"['CONTAINER_COMPLETED', '1701142038763', '0282_01_000009', 'attempt_1701142038763_0282_m_000005_0']"
269,2023-11-29,00:15:36,029,INFO,[ContainerLauncher #9] org.apache.hadoop.mapreduce.v2.app.launcher.ContainerLauncherImpl,Processing the event EventType: CONTAINER_COMPLETED for container container_1701142038763_0282_01_000007 taskAttempt attempt_1701142038763_0282_m_000004_0,36fc78d1,Processing the event EventType: <*> for container container_<*>_<*>_<*>_<*> taskAttempt <*>,"['CONTAINER_COMPLETED', '1701142038763', '0282_01_000007', 'attempt_1701142038763_0282_m_000004_0']"
270,2023-11-29,00:15:36,036,INFO,[AsyncDispatcher event handler] org.apache.hadoop.mapreduce.v2.app.job.impl.TaskAttemptImpl,attempt_1701142038763_0282_r_000000_0 TaskAttempt Transitioned from UNASSIGNED to ASSIGNED,500abf63,attempt_<*>_<*>_r_<*>_<*> TaskAttempt Transitioned from <*> to <*>,"['1701142038763_0282', '000000_0', 'UNASSIGNED', 'ASSIGNED']"
271,2023-11-29,00:15:36,037,INFO,[AsyncDispatcher event handler] org.apache.hadoop.mapreduce.v2.app.job.impl.TaskAttemptImpl,attempt_1701142038763_0282_m_000006_0 TaskAttempt Transitioned from UNASSIGNED to ASSIGNED,590bd861,attempt_<*>_<*>_m_<*>_<*> TaskAttempt Transitioned from <*> to <*>,"['1701142038763_0282', '000006_0', 'UNASSIGNED', 'ASSIGNED']"
272,2023-11-29,00:15:36,038,INFO,[ContainerLauncher #0] org.apache.hadoop.mapreduce.v2.app.launcher.ContainerLauncherImpl,Processing the event EventType: CONTAINER_REMOTE_LAUNCH for container container_1701142038763_0282_01_000010 taskAttempt attempt_1701142038763_0282_r_000000_0,36fc78d1,Processing the event EventType: <*> for container container_<*>_<*>_<*>_<*> taskAttempt <*>,"['CONTAINER_REMOTE_LAUNCH', '1701142038763', '0282_01_000010', 'attempt_1701142038763_0282_r_000000_0']"
273,2023-11-29,00:15:36,038,INFO,[ContainerLauncher #2] org.apache.hadoop.mapreduce.v2.app.launcher.ContainerLauncherImpl,Processing the event EventType: CONTAINER_REMOTE_LAUNCH for container container_1701142038763_0282_01_000008 taskAttempt attempt_1701142038763_0282_m_000006_0,36fc78d1,Processing the event EventType: <*> for container container_<*>_<*>_<*>_<*> taskAttempt <*>,"['CONTAINER_REMOTE_LAUNCH', '1701142038763', '0282_01_000008', 'attempt_1701142038763_0282_m_000006_0']"
274,2023-11-29,00:15:36,038,INFO,[ContainerLauncher #0] org.apache.hadoop.mapreduce.v2.app.launcher.ContainerLauncherImpl,Launching attempt_1701142038763_0282_r_000000_0,df347da1,Launching <*>,['attempt_1701142038763_0282_r_000000_0']
275,2023-11-29,00:15:36,038,INFO,[ContainerLauncher #2] org.apache.hadoop.mapreduce.v2.app.launcher.ContainerLauncherImpl,Launching attempt_1701142038763_0282_m_000006_0,df347da1,Launching <*>,['attempt_1701142038763_0282_m_000006_0']
276,2023-11-29,00:15:36,054,INFO,[ContainerLauncher #0] org.apache.hadoop.mapreduce.v2.app.launcher.ContainerLauncherImpl,Shuffle port returned by ContainerManager for attempt_1701142038763_0282_r_000000_0 : 13562,f4ac93f2,Shuffle port returned by ContainerManager for <*> : <*>,"['attempt_1701142038763_0282_r_000000_0', '13562']"
277,2023-11-29,00:15:36,054,INFO,[AsyncDispatcher event handler] org.apache.hadoop.mapreduce.v2.app.job.impl.TaskAttemptImpl,TaskAttempt: [attempt_1701142038763_0282_r_000000_0] using containerId: [container_1701142038763_0282_01_000010 on NM: [ed761ad59d44:45797],97232dd5,TaskAttempt: <*> using containerId: [container_<*>_<*>_<*>_<*> on NM: <*>,"['[attempt_1701142038763_0282_r_000000_0]', '1701142038763', '0282_01_000010', '[ed761ad59d44:45797]']"
278,2023-11-29,00:15:36,054,INFO,[AsyncDispatcher event handler] org.apache.hadoop.mapreduce.v2.app.job.impl.TaskAttemptImpl,attempt_1701142038763_0282_r_000000_0 TaskAttempt Transitioned from ASSIGNED to RUNNING,500abf63,attempt_<*>_<*>_r_<*>_<*> TaskAttempt Transitioned from <*> to <*>,"['1701142038763_0282', '000000_0', 'ASSIGNED', 'RUNNING']"
279,2023-11-29,00:15:36,055,INFO,[AsyncDispatcher event handler] org.apache.hadoop.mapreduce.v2.app.speculate.DefaultSpeculator,ATTEMPT_START task_1701142038763_0282_r_000000,e215e532,ATTEMPT_START <*>,['task_1701142038763_0282_r_000000']
280,2023-11-29,00:15:36,055,INFO,[AsyncDispatcher event handler] org.apache.hadoop.mapreduce.v2.app.job.impl.TaskImpl,task_1701142038763_0282_r_000000 Task Transitioned from SCHEDULED to RUNNING,a55d23fc,task_<*>_<*>_r_<*> Task Transitioned from <*> to <*>,"['1701142038763_0282', '000000', 'SCHEDULED', 'RUNNING']"
281,2023-11-29,00:15:36,056,INFO,[ContainerLauncher #2] org.apache.hadoop.mapreduce.v2.app.launcher.ContainerLauncherImpl,Shuffle port returned by ContainerManager for attempt_1701142038763_0282_m_000006_0 : 13562,f4ac93f2,Shuffle port returned by ContainerManager for <*> : <*>,"['attempt_1701142038763_0282_m_000006_0', '13562']"
282,2023-11-29,00:15:36,056,INFO,[AsyncDispatcher event handler] org.apache.hadoop.mapreduce.v2.app.job.impl.TaskAttemptImpl,TaskAttempt: [attempt_1701142038763_0282_m_000006_0] using containerId: [container_1701142038763_0282_01_000008 on NM: [cf6e5ca2712c:46101],97232dd5,TaskAttempt: <*> using containerId: [container_<*>_<*>_<*>_<*> on NM: <*>,"['[attempt_1701142038763_0282_m_000006_0]', '1701142038763', '0282_01_000008', '[cf6e5ca2712c:46101]']"
283,2023-11-29,00:15:36,057,INFO,[AsyncDispatcher event handler] org.apache.hadoop.mapreduce.v2.app.job.impl.TaskAttemptImpl,attempt_1701142038763_0282_m_000006_0 TaskAttempt Transitioned from ASSIGNED to RUNNING,590bd861,attempt_<*>_<*>_m_<*>_<*> TaskAttempt Transitioned from <*> to <*>,"['1701142038763_0282', '000006_0', 'ASSIGNED', 'RUNNING']"
284,2023-11-29,00:15:36,057,INFO,[AsyncDispatcher event handler] org.apache.hadoop.mapreduce.v2.app.speculate.DefaultSpeculator,ATTEMPT_START task_1701142038763_0282_m_000006,e215e532,ATTEMPT_START <*>,['task_1701142038763_0282_m_000006']
285,2023-11-29,00:15:36,057,INFO,[AsyncDispatcher event handler] org.apache.hadoop.mapreduce.v2.app.job.impl.TaskImpl,task_1701142038763_0282_m_000006 Task Transitioned from SCHEDULED to RUNNING,d231a1af,task_<*>_<*>_m_<*> Task Transitioned from <*> to <*>,"['1701142038763_0282', '000006', 'SCHEDULED', 'RUNNING']"
286,2023-11-29,00:15:37,034,INFO,[RMCommunicator Allocator] org.apache.hadoop.mapreduce.v2.app.rm.RMContainerRequestor,"getResources() for application_1701142038763_0282: ask=6 release= 0 newContainers=1 finishedContainers=1 resourcelimit=<memory:2048, vCores:19> knownNMs=3",6d3d97fc,"getResources() for application_<*>_<*>: ask=<*> release= <*> newContainers=<*> finishedContainers=<*> resourcelimit=<memory:<*>, vCores:<*>> knownNMs=<*>","['1701142038763_0282', '6', '0', '1', '1', '2048', '19>', '3']"
287,2023-11-29,00:15:37,034,INFO,[RMCommunicator Allocator] org.apache.hadoop.mapreduce.v2.app.rm.RMContainerAllocator,Received completed container container_1701142038763_0282_01_000003,279694a4,Received completed container container_<*>_<*>_<*>_<*>,"['1701142038763', '0282_01_000003']"
288,2023-11-29,00:15:37,034,INFO,[RMCommunicator Allocator] org.apache.hadoop.mapreduce.v2.app.rm.RMContainerAllocator,Got allocated containers 1,0f71bb1f,Got allocated containers <*>,['1']
289,2023-11-29,00:15:37,035,INFO,[AsyncDispatcher event handler] org.apache.hadoop.mapreduce.v2.app.job.impl.TaskAttemptImpl,Diagnostics report from attempt_1701142038763_0282_m_000003_0:,cdaa1ea7,Diagnostics report from attempt_<*>_<*>_m_<*>_<*>:,"['1701142038763_0282', '000003_0']"
290,2023-11-29,00:15:37,035,INFO,[RMCommunicator Allocator] org.apache.hadoop.mapreduce.v2.app.rm.RMContainerAllocator,Assigned container container_1701142038763_0282_01_000011 to attempt_1701142038763_0282_m_000007_0,99dd87cd,Assigned container container_<*>_<*>_<*>_<*> to <*>,"['1701142038763', '0282_01_000011', 'attempt_1701142038763_0282_m_000007_0']"
291,2023-11-29,00:15:37,035,INFO,[AsyncDispatcher event handler] org.apache.hadoop.mapreduce.v2.app.job.impl.TaskAttemptImpl,attempt_1701142038763_0282_m_000003_0 TaskAttempt Transitioned from SUCCESS_FINISHING_CONTAINER to SUCCEEDED,590bd861,attempt_<*>_<*>_m_<*>_<*> TaskAttempt Transitioned from <*> to <*>,"['1701142038763_0282', '000003_0', 'SUCCESS_FINISHING_CONTAINER', 'SUCCEEDED']"
292,2023-11-29,00:15:37,035,INFO,[RMCommunicator Allocator] org.apache.hadoop.mapreduce.v2.app.rm.RMContainerAllocator,After Scheduling: PendingReds:0 ScheduledMaps:2 ScheduledReds:0 AssignedMaps:2 AssignedReds:1 CompletedMaps:6 CompletedReds:0 ContAlloc:9 ContRel:0 HostLocal:8 RackLocal:0,b1bdc9c9,After Scheduling: PendingReds:<*> ScheduledMaps:<*> ScheduledReds:<*> AssignedMaps:<*> AssignedReds:<*> CompletedMaps:<*> CompletedReds:<*> ContAlloc:<*> ContRel:<*> HostLocal:<*> RackLocal:<*>,"['0', '2', '0', '2', '1', '6', '0', '9', '0', '8', '0']"
293,2023-11-29,00:15:37,039,INFO,[AsyncDispatcher event handler] org.apache.hadoop.mapreduce.v2.app.job.impl.TaskAttemptImpl,attempt_1701142038763_0282_m_000007_0 TaskAttempt Transitioned from UNASSIGNED to ASSIGNED,590bd861,attempt_<*>_<*>_m_<*>_<*> TaskAttempt Transitioned from <*> to <*>,"['1701142038763_0282', '000007_0', 'UNASSIGNED', 'ASSIGNED']"
294,2023-11-29,00:15:37,040,INFO,[ContainerLauncher #3] org.apache.hadoop.mapreduce.v2.app.launcher.ContainerLauncherImpl,Processing the event EventType: CONTAINER_COMPLETED for container container_1701142038763_0282_01_000003 taskAttempt attempt_1701142038763_0282_m_000003_0,36fc78d1,Processing the event EventType: <*> for container container_<*>_<*>_<*>_<*> taskAttempt <*>,"['CONTAINER_COMPLETED', '1701142038763', '0282_01_000003', 'attempt_1701142038763_0282_m_000003_0']"
295,2023-11-29,00:15:37,040,INFO,[ContainerLauncher #4] org.apache.hadoop.mapreduce.v2.app.launcher.ContainerLauncherImpl,Processing the event EventType: CONTAINER_REMOTE_LAUNCH for container container_1701142038763_0282_01_000011 taskAttempt attempt_1701142038763_0282_m_000007_0,36fc78d1,Processing the event EventType: <*> for container container_<*>_<*>_<*>_<*> taskAttempt <*>,"['CONTAINER_REMOTE_LAUNCH', '1701142038763', '0282_01_000011', 'attempt_1701142038763_0282_m_000007_0']"
296,2023-11-29,00:15:37,040,INFO,[ContainerLauncher #4] org.apache.hadoop.mapreduce.v2.app.launcher.ContainerLauncherImpl,Launching attempt_1701142038763_0282_m_000007_0,df347da1,Launching <*>,['attempt_1701142038763_0282_m_000007_0']
297,2023-11-29,00:15:37,053,INFO,[ContainerLauncher #4] org.apache.hadoop.mapreduce.v2.app.launcher.ContainerLauncherImpl,Shuffle port returned by ContainerManager for attempt_1701142038763_0282_m_000007_0 : 13562,f4ac93f2,Shuffle port returned by ContainerManager for <*> : <*>,"['attempt_1701142038763_0282_m_000007_0', '13562']"
298,2023-11-29,00:15:37,054,INFO,[AsyncDispatcher event handler] org.apache.hadoop.mapreduce.v2.app.job.impl.TaskAttemptImpl,TaskAttempt: [attempt_1701142038763_0282_m_000007_0] using containerId: [container_1701142038763_0282_01_000011 on NM: [2f08f873c798:37279],97232dd5,TaskAttempt: <*> using containerId: [container_<*>_<*>_<*>_<*> on NM: <*>,"['[attempt_1701142038763_0282_m_000007_0]', '1701142038763', '0282_01_000011', '[2f08f873c798:37279]']"
299,2023-11-29,00:15:37,055,INFO,[AsyncDispatcher event handler] org.apache.hadoop.mapreduce.v2.app.job.impl.TaskAttemptImpl,attempt_1701142038763_0282_m_000007_0 TaskAttempt Transitioned from ASSIGNED to RUNNING,590bd861,attempt_<*>_<*>_m_<*>_<*> TaskAttempt Transitioned from <*> to <*>,"['1701142038763_0282', '000007_0', 'ASSIGNED', 'RUNNING']"
300,2023-11-29,00:15:37,055,INFO,[AsyncDispatcher event handler] org.apache.hadoop.mapreduce.v2.app.speculate.DefaultSpeculator,ATTEMPT_START task_1701142038763_0282_m_000007,e215e532,ATTEMPT_START <*>,['task_1701142038763_0282_m_000007']
301,2023-11-29,00:15:37,055,INFO,[AsyncDispatcher event handler] org.apache.hadoop.mapreduce.v2.app.job.impl.TaskImpl,task_1701142038763_0282_m_000007 Task Transitioned from SCHEDULED to RUNNING,d231a1af,task_<*>_<*>_m_<*> Task Transitioned from <*> to <*>,"['1701142038763_0282', '000007', 'SCHEDULED', 'RUNNING']"
302,2023-11-29,00:15:37,300,INFO,[Socket Reader #1 for port 0] SecurityLogger.org.apache.hadoop.ipc.Server,Auth successful for job_1701142038763_0282 (auth:SIMPLE) from cf6e5ca2712c:50838 / 192.161.20.5:50838,d8c9fc3d,Auth successful for job_<*>_<*> (auth:SIMPLE) from <*> / <*>,"['1701142038763_0282', 'cf6e5ca2712c:50838', '192.161.20.5:50838']"
303,2023-11-29,00:15:37,304,INFO,[Socket Reader #1 for port 0] SecurityLogger.org.apache.hadoop.ipc.Server,Auth successful for job_1701142038763_0282 (auth:SIMPLE) from ed761ad59d44:39232 / 192.161.20.23:39232,d8c9fc3d,Auth successful for job_<*>_<*> (auth:SIMPLE) from <*> / <*>,"['1701142038763_0282', 'ed761ad59d44:39232', '192.161.20.23:39232']"
304,2023-11-29,00:15:37,313,INFO,[IPC Server handler 7 on default port 45763] org.apache.hadoop.mapred.TaskAttemptListenerImpl,JVM with ID : jvm_1701142038763_0282_m_000008 asked for a task,60675cee,JVM with ID : <*> asked for a task,['jvm_1701142038763_0282_m_000008']
305,2023-11-29,00:15:37,313,INFO,[IPC Server handler 7 on default port 45763] org.apache.hadoop.mapred.TaskAttemptListenerImpl,JVM with ID: jvm_1701142038763_0282_m_000008 given task: attempt_1701142038763_0282_m_000006_0,2a1c144a,JVM with ID: <*> given task: <*>,"['jvm_1701142038763_0282_m_000008', 'attempt_1701142038763_0282_m_000006_0']"
306,2023-11-29,00:15:37,317,INFO,[IPC Server handler 8 on default port 45763] org.apache.hadoop.mapred.TaskAttemptListenerImpl,JVM with ID : jvm_1701142038763_0282_r_000010 asked for a task,60675cee,JVM with ID : <*> asked for a task,['jvm_1701142038763_0282_r_000010']
307,2023-11-29,00:15:37,318,INFO,[IPC Server handler 8 on default port 45763] org.apache.hadoop.mapred.TaskAttemptListenerImpl,JVM with ID: jvm_1701142038763_0282_r_000010 given task: attempt_1701142038763_0282_r_000000_0,2a1c144a,JVM with ID: <*> given task: <*>,"['jvm_1701142038763_0282_r_000010', 'attempt_1701142038763_0282_r_000000_0']"
308,2023-11-29,00:15:38,039,INFO,[RMCommunicator Allocator] org.apache.hadoop.mapreduce.v2.app.rm.RMContainerRequestor,"getResources() for application_1701142038763_0282: ask=5 release= 0 newContainers=0 finishedContainers=0 resourcelimit=<memory:2048, vCores:19> knownNMs=3",6d3d97fc,"getResources() for application_<*>_<*>: ask=<*> release= <*> newContainers=<*> finishedContainers=<*> resourcelimit=<memory:<*>, vCores:<*>> knownNMs=<*>","['1701142038763_0282', '5', '0', '0', '0', '2048', '19>', '3']"
309,2023-11-29,00:15:38,280,INFO,[IPC Server handler 6 on default port 45763] org.apache.hadoop.mapred.TaskAttemptListenerImpl,MapCompletionEvents request from attempt_1701142038763_0282_r_000000_0. startIndex 0 maxEvents 10000,f13d7a4d,MapCompletionEvents request from attempt_<*>_<*>_r_<*>_<*>. startIndex <*> maxEvents <*>,"['1701142038763_0282', '000000_0', '0', '10000']"
310,2023-11-29,00:15:38,301,INFO,[Socket Reader #1 for port 0] SecurityLogger.org.apache.hadoop.ipc.Server,Auth successful for job_1701142038763_0282 (auth:SIMPLE) from 2f08f873c798:45748 / 192.161.20.17:45748,d8c9fc3d,Auth successful for job_<*>_<*> (auth:SIMPLE) from <*> / <*>,"['1701142038763_0282', '2f08f873c798:45748', '192.161.20.17:45748']"
311,2023-11-29,00:15:38,313,INFO,[IPC Server handler 7 on default port 45763] org.apache.hadoop.mapred.TaskAttemptListenerImpl,JVM with ID : jvm_1701142038763_0282_m_000011 asked for a task,60675cee,JVM with ID : <*> asked for a task,['jvm_1701142038763_0282_m_000011']
312,2023-11-29,00:15:38,313,INFO,[IPC Server handler 7 on default port 45763] org.apache.hadoop.mapred.TaskAttemptListenerImpl,JVM with ID: jvm_1701142038763_0282_m_000011 given task: attempt_1701142038763_0282_m_000007_0,2a1c144a,JVM with ID: <*> given task: <*>,"['jvm_1701142038763_0282_m_000011', 'attempt_1701142038763_0282_m_000007_0']"
313,2023-11-29,00:15:38,376,INFO,[IPC Server handler 14 on default port 45763] org.apache.hadoop.mapred.TaskAttemptListenerImpl,Progress of TaskAttempt attempt_1701142038763_0282_m_000006_0 is : 0.0,b53b8ef4,Progress of TaskAttempt <*> is : <*>.<*>,"['attempt_1701142038763_0282_m_000006_0', '0.0']"
314,2023-11-29,00:15:38,415,INFO,[IPC Server handler 12 on default port 45763] org.apache.hadoop.mapred.TaskAttemptListenerImpl,Progress of TaskAttempt attempt_1701142038763_0282_m_000006_0 is : 1.0,b53b8ef4,Progress of TaskAttempt <*> is : <*>.<*>,"['attempt_1701142038763_0282_m_000006_0', '1.0']"
315,2023-11-29,00:15:38,421,INFO,[IPC Server handler 9 on default port 45763] org.apache.hadoop.mapred.TaskAttemptListenerImpl,Done acknowledgment from attempt_1701142038763_0282_m_000006_0,6995e31f,Done acknowledgment from <*>,['attempt_1701142038763_0282_m_000006_0']
316,2023-11-29,00:15:38,422,INFO,[AsyncDispatcher event handler] org.apache.hadoop.mapreduce.v2.app.job.impl.TaskAttemptImpl,attempt_1701142038763_0282_m_000006_0 TaskAttempt Transitioned from RUNNING to SUCCESS_FINISHING_CONTAINER,590bd861,attempt_<*>_<*>_m_<*>_<*> TaskAttempt Transitioned from <*> to <*>,"['1701142038763_0282', '000006_0', 'RUNNING', 'SUCCESS_FINISHING_CONTAINER']"
317,2023-11-29,00:15:38,422,INFO,[AsyncDispatcher event handler] org.apache.hadoop.mapreduce.v2.app.job.impl.TaskImpl,Task succeeded with attempt attempt_1701142038763_0282_m_000006_0,007ded00,Task succeeded with attempt <*>,['attempt_1701142038763_0282_m_000006_0']
318,2023-11-29,00:15:38,423,INFO,[AsyncDispatcher event handler] org.apache.hadoop.mapreduce.v2.app.job.impl.TaskImpl,task_1701142038763_0282_m_000006 Task Transitioned from RUNNING to SUCCEEDED,d231a1af,task_<*>_<*>_m_<*> Task Transitioned from <*> to <*>,"['1701142038763_0282', '000006', 'RUNNING', 'SUCCEEDED']"
319,2023-11-29,00:15:38,424,INFO,[AsyncDispatcher event handler] org.apache.hadoop.mapreduce.v2.app.job.impl.JobImpl,Num completed Tasks: 7,3a2741bf,Num completed Tasks: <*>,['7']
320,2023-11-29,00:15:39,039,INFO,[RMCommunicator Allocator] org.apache.hadoop.mapreduce.v2.app.rm.RMContainerAllocator,Before Scheduling: PendingReds:0 ScheduledMaps:2 ScheduledReds:0 AssignedMaps:2 AssignedReds:1 CompletedMaps:7 CompletedReds:0 ContAlloc:9 ContRel:0 HostLocal:8 RackLocal:0,f3cfcdcd,Before Scheduling: PendingReds:<*> ScheduledMaps:<*> ScheduledReds:<*> AssignedMaps:<*> AssignedReds:<*> CompletedMaps:<*> CompletedReds:<*> ContAlloc:<*> ContRel:<*> HostLocal:<*> RackLocal:<*>,"['0', '2', '0', '2', '1', '7', '0', '9', '0', '8', '0']"
321,2023-11-29,00:15:39,043,INFO,[RMCommunicator Allocator] org.apache.hadoop.mapreduce.v2.app.rm.RMContainerAllocator,Received completed container container_1701142038763_0282_01_000008,279694a4,Received completed container container_<*>_<*>_<*>_<*>,"['1701142038763', '0282_01_000008']"
322,2023-11-29,00:15:39,043,INFO,[RMCommunicator Allocator] org.apache.hadoop.mapreduce.v2.app.rm.RMContainerAllocator,Got allocated containers 1,0f71bb1f,Got allocated containers <*>,['1']
323,2023-11-29,00:15:39,043,INFO,[AsyncDispatcher event handler] org.apache.hadoop.mapreduce.v2.app.job.impl.TaskAttemptImpl,Diagnostics report from attempt_1701142038763_0282_m_000006_0:,cdaa1ea7,Diagnostics report from attempt_<*>_<*>_m_<*>_<*>:,"['1701142038763_0282', '000006_0']"
324,2023-11-29,00:15:39,043,INFO,[AsyncDispatcher event handler] org.apache.hadoop.mapreduce.v2.app.job.impl.TaskAttemptImpl,attempt_1701142038763_0282_m_000006_0 TaskAttempt Transitioned from SUCCESS_FINISHING_CONTAINER to SUCCEEDED,590bd861,attempt_<*>_<*>_m_<*>_<*> TaskAttempt Transitioned from <*> to <*>,"['1701142038763_0282', '000006_0', 'SUCCESS_FINISHING_CONTAINER', 'SUCCEEDED']"
325,2023-11-29,00:15:39,044,INFO,[RMCommunicator Allocator] org.apache.hadoop.mapreduce.v2.app.rm.RMContainerAllocator,Assigned container container_1701142038763_0282_01_000013 to attempt_1701142038763_0282_m_000008_0,99dd87cd,Assigned container container_<*>_<*>_<*>_<*> to <*>,"['1701142038763', '0282_01_000013', 'attempt_1701142038763_0282_m_000008_0']"
326,2023-11-29,00:15:39,044,INFO,[ContainerLauncher #5] org.apache.hadoop.mapreduce.v2.app.launcher.ContainerLauncherImpl,Processing the event EventType: CONTAINER_COMPLETED for container container_1701142038763_0282_01_000008 taskAttempt attempt_1701142038763_0282_m_000006_0,36fc78d1,Processing the event EventType: <*> for container container_<*>_<*>_<*>_<*> taskAttempt <*>,"['CONTAINER_COMPLETED', '1701142038763', '0282_01_000008', 'attempt_1701142038763_0282_m_000006_0']"
327,2023-11-29,00:15:39,044,INFO,[RMCommunicator Allocator] org.apache.hadoop.mapreduce.v2.app.rm.RMContainerAllocator,After Scheduling: PendingReds:0 ScheduledMaps:1 ScheduledReds:0 AssignedMaps:2 AssignedReds:1 CompletedMaps:7 CompletedReds:0 ContAlloc:10 ContRel:0 HostLocal:9 RackLocal:0,b1bdc9c9,After Scheduling: PendingReds:<*> ScheduledMaps:<*> ScheduledReds:<*> AssignedMaps:<*> AssignedReds:<*> CompletedMaps:<*> CompletedReds:<*> ContAlloc:<*> ContRel:<*> HostLocal:<*> RackLocal:<*>,"['0', '1', '0', '2', '1', '7', '0', '10', '0', '9', '0']"
328,2023-11-29,00:15:39,047,INFO,[AsyncDispatcher event handler] org.apache.hadoop.mapreduce.v2.app.job.impl.TaskAttemptImpl,attempt_1701142038763_0282_m_000008_0 TaskAttempt Transitioned from UNASSIGNED to ASSIGNED,590bd861,attempt_<*>_<*>_m_<*>_<*> TaskAttempt Transitioned from <*> to <*>,"['1701142038763_0282', '000008_0', 'UNASSIGNED', 'ASSIGNED']"
329,2023-11-29,00:15:39,047,INFO,[ContainerLauncher #6] org.apache.hadoop.mapreduce.v2.app.launcher.ContainerLauncherImpl,Processing the event EventType: CONTAINER_REMOTE_LAUNCH for container container_1701142038763_0282_01_000013 taskAttempt attempt_1701142038763_0282_m_000008_0,36fc78d1,Processing the event EventType: <*> for container container_<*>_<*>_<*>_<*> taskAttempt <*>,"['CONTAINER_REMOTE_LAUNCH', '1701142038763', '0282_01_000013', 'attempt_1701142038763_0282_m_000008_0']"
330,2023-11-29,00:15:39,047,INFO,[ContainerLauncher #6] org.apache.hadoop.mapreduce.v2.app.launcher.ContainerLauncherImpl,Launching attempt_1701142038763_0282_m_000008_0,df347da1,Launching <*>,['attempt_1701142038763_0282_m_000008_0']
331,2023-11-29,00:15:39,058,INFO,[ContainerLauncher #6] org.apache.hadoop.mapreduce.v2.app.launcher.ContainerLauncherImpl,Shuffle port returned by ContainerManager for attempt_1701142038763_0282_m_000008_0 : 13562,f4ac93f2,Shuffle port returned by ContainerManager for <*> : <*>,"['attempt_1701142038763_0282_m_000008_0', '13562']"
332,2023-11-29,00:15:39,059,INFO,[AsyncDispatcher event handler] org.apache.hadoop.mapreduce.v2.app.job.impl.TaskAttemptImpl,TaskAttempt: [attempt_1701142038763_0282_m_000008_0] using containerId: [container_1701142038763_0282_01_000013 on NM: [cf6e5ca2712c:46101],97232dd5,TaskAttempt: <*> using containerId: [container_<*>_<*>_<*>_<*> on NM: <*>,"['[attempt_1701142038763_0282_m_000008_0]', '1701142038763', '0282_01_000013', '[cf6e5ca2712c:46101]']"
333,2023-11-29,00:15:39,059,INFO,[AsyncDispatcher event handler] org.apache.hadoop.mapreduce.v2.app.job.impl.TaskAttemptImpl,attempt_1701142038763_0282_m_000008_0 TaskAttempt Transitioned from ASSIGNED to RUNNING,590bd861,attempt_<*>_<*>_m_<*>_<*> TaskAttempt Transitioned from <*> to <*>,"['1701142038763_0282', '000008_0', 'ASSIGNED', 'RUNNING']"
334,2023-11-29,00:15:39,059,INFO,[AsyncDispatcher event handler] org.apache.hadoop.mapreduce.v2.app.speculate.DefaultSpeculator,ATTEMPT_START task_1701142038763_0282_m_000008,e215e532,ATTEMPT_START <*>,['task_1701142038763_0282_m_000008']
335,2023-11-29,00:15:39,059,INFO,[AsyncDispatcher event handler] org.apache.hadoop.mapreduce.v2.app.job.impl.TaskImpl,task_1701142038763_0282_m_000008 Task Transitioned from SCHEDULED to RUNNING,d231a1af,task_<*>_<*>_m_<*> Task Transitioned from <*> to <*>,"['1701142038763_0282', '000008', 'SCHEDULED', 'RUNNING']"
336,2023-11-29,00:15:39,300,INFO,[IPC Server handler 7 on default port 45763] org.apache.hadoop.mapred.TaskAttemptListenerImpl,MapCompletionEvents request from attempt_1701142038763_0282_r_000000_0. startIndex 6 maxEvents 10000,f13d7a4d,MapCompletionEvents request from attempt_<*>_<*>_r_<*>_<*>. startIndex <*> maxEvents <*>,"['1701142038763_0282', '000000_0', '6', '10000']"
337,2023-11-29,00:15:39,353,INFO,[IPC Server handler 14 on default port 45763] org.apache.hadoop.mapred.TaskAttemptListenerImpl,Progress of TaskAttempt attempt_1701142038763_0282_m_000007_0 is : 0.0,b53b8ef4,Progress of TaskAttempt <*> is : <*>.<*>,"['attempt_1701142038763_0282_m_000007_0', '0.0']"
338,2023-11-29,00:15:39,619,INFO,[IPC Server handler 17 on default port 45763] org.apache.hadoop.mapred.TaskAttemptListenerImpl,Progress of TaskAttempt attempt_1701142038763_0282_m_000007_0 is : 1.0,b53b8ef4,Progress of TaskAttempt <*> is : <*>.<*>,"['attempt_1701142038763_0282_m_000007_0', '1.0']"
339,2023-11-29,00:15:39,623,INFO,[IPC Server handler 16 on default port 45763] org.apache.hadoop.mapred.TaskAttemptListenerImpl,Done acknowledgment from attempt_1701142038763_0282_m_000007_0,6995e31f,Done acknowledgment from <*>,['attempt_1701142038763_0282_m_000007_0']
340,2023-11-29,00:15:39,625,INFO,[AsyncDispatcher event handler] org.apache.hadoop.mapreduce.v2.app.job.impl.TaskAttemptImpl,attempt_1701142038763_0282_m_000007_0 TaskAttempt Transitioned from RUNNING to SUCCESS_FINISHING_CONTAINER,590bd861,attempt_<*>_<*>_m_<*>_<*> TaskAttempt Transitioned from <*> to <*>,"['1701142038763_0282', '000007_0', 'RUNNING', 'SUCCESS_FINISHING_CONTAINER']"
341,2023-11-29,00:15:39,625,INFO,[AsyncDispatcher event handler] org.apache.hadoop.mapreduce.v2.app.job.impl.TaskImpl,Task succeeded with attempt attempt_1701142038763_0282_m_000007_0,007ded00,Task succeeded with attempt <*>,['attempt_1701142038763_0282_m_000007_0']
342,2023-11-29,00:15:39,625,INFO,[AsyncDispatcher event handler] org.apache.hadoop.mapreduce.v2.app.job.impl.TaskImpl,task_1701142038763_0282_m_000007 Task Transitioned from RUNNING to SUCCEEDED,d231a1af,task_<*>_<*>_m_<*> Task Transitioned from <*> to <*>,"['1701142038763_0282', '000007', 'RUNNING', 'SUCCEEDED']"
343,2023-11-29,00:15:39,625,INFO,[AsyncDispatcher event handler] org.apache.hadoop.mapreduce.v2.app.job.impl.JobImpl,Num completed Tasks: 8,3a2741bf,Num completed Tasks: <*>,['8']
344,2023-11-29,00:15:40,044,INFO,[RMCommunicator Allocator] org.apache.hadoop.mapreduce.v2.app.rm.RMContainerAllocator,Before Scheduling: PendingReds:0 ScheduledMaps:1 ScheduledReds:0 AssignedMaps:2 AssignedReds:1 CompletedMaps:8 CompletedReds:0 ContAlloc:10 ContRel:0 HostLocal:9 RackLocal:0,f3cfcdcd,Before Scheduling: PendingReds:<*> ScheduledMaps:<*> ScheduledReds:<*> AssignedMaps:<*> AssignedReds:<*> CompletedMaps:<*> CompletedReds:<*> ContAlloc:<*> ContRel:<*> HostLocal:<*> RackLocal:<*>,"['0', '1', '0', '2', '1', '8', '0', '10', '0', '9', '0']"
345,2023-11-29,00:15:40,049,INFO,[RMCommunicator Allocator] org.apache.hadoop.mapreduce.v2.app.rm.RMContainerRequestor,"getResources() for application_1701142038763_0282: ask=5 release= 0 newContainers=1 finishedContainers=1 resourcelimit=<memory:7168, vCores:20> knownNMs=3",6d3d97fc,"getResources() for application_<*>_<*>: ask=<*> release= <*> newContainers=<*> finishedContainers=<*> resourcelimit=<memory:<*>, vCores:<*>> knownNMs=<*>","['1701142038763_0282', '5', '0', '1', '1', '7168', '20>', '3']"
346,2023-11-29,00:15:40,049,INFO,[RMCommunicator Allocator] org.apache.hadoop.mapreduce.v2.app.rm.RMContainerAllocator,Received completed container container_1701142038763_0282_01_000011,279694a4,Received completed container container_<*>_<*>_<*>_<*>,"['1701142038763', '0282_01_000011']"
347,2023-11-29,00:15:40,049,INFO,[RMCommunicator Allocator] org.apache.hadoop.mapreduce.v2.app.rm.RMContainerAllocator,Got allocated containers 1,0f71bb1f,Got allocated containers <*>,['1']
348,2023-11-29,00:15:40,049,INFO,[AsyncDispatcher event handler] org.apache.hadoop.mapreduce.v2.app.job.impl.TaskAttemptImpl,Diagnostics report from attempt_1701142038763_0282_m_000007_0:,cdaa1ea7,Diagnostics report from attempt_<*>_<*>_m_<*>_<*>:,"['1701142038763_0282', '000007_0']"
349,2023-11-29,00:15:40,049,INFO,[AsyncDispatcher event handler] org.apache.hadoop.mapreduce.v2.app.job.impl.TaskAttemptImpl,attempt_1701142038763_0282_m_000007_0 TaskAttempt Transitioned from SUCCESS_FINISHING_CONTAINER to SUCCEEDED,590bd861,attempt_<*>_<*>_m_<*>_<*> TaskAttempt Transitioned from <*> to <*>,"['1701142038763_0282', '000007_0', 'SUCCESS_FINISHING_CONTAINER', 'SUCCEEDED']"
350,2023-11-29,00:15:40,050,INFO,[ContainerLauncher #8] org.apache.hadoop.mapreduce.v2.app.launcher.ContainerLauncherImpl,Processing the event EventType: CONTAINER_COMPLETED for container container_1701142038763_0282_01_000011 taskAttempt attempt_1701142038763_0282_m_000007_0,36fc78d1,Processing the event EventType: <*> for container container_<*>_<*>_<*>_<*> taskAttempt <*>,"['CONTAINER_COMPLETED', '1701142038763', '0282_01_000011', 'attempt_1701142038763_0282_m_000007_0']"
351,2023-11-29,00:15:40,050,INFO,[RMCommunicator Allocator] org.apache.hadoop.mapreduce.v2.app.rm.RMContainerAllocator,Assigned container container_1701142038763_0282_01_000012 to attempt_1701142038763_0282_m_000009_0,99dd87cd,Assigned container container_<*>_<*>_<*>_<*> to <*>,"['1701142038763', '0282_01_000012', 'attempt_1701142038763_0282_m_000009_0']"
352,2023-11-29,00:15:40,050,INFO,[RMCommunicator Allocator] org.apache.hadoop.mapreduce.v2.app.rm.RMContainerAllocator,After Scheduling: PendingReds:0 ScheduledMaps:0 ScheduledReds:0 AssignedMaps:2 AssignedReds:1 CompletedMaps:8 CompletedReds:0 ContAlloc:11 ContRel:0 HostLocal:10 RackLocal:0,b1bdc9c9,After Scheduling: PendingReds:<*> ScheduledMaps:<*> ScheduledReds:<*> AssignedMaps:<*> AssignedReds:<*> CompletedMaps:<*> CompletedReds:<*> ContAlloc:<*> ContRel:<*> HostLocal:<*> RackLocal:<*>,"['0', '0', '0', '2', '1', '8', '0', '11', '0', '10', '0']"
353,2023-11-29,00:15:40,054,INFO,[AsyncDispatcher event handler] org.apache.hadoop.mapreduce.v2.app.job.impl.TaskAttemptImpl,attempt_1701142038763_0282_m_000009_0 TaskAttempt Transitioned from UNASSIGNED to ASSIGNED,590bd861,attempt_<*>_<*>_m_<*>_<*> TaskAttempt Transitioned from <*> to <*>,"['1701142038763_0282', '000009_0', 'UNASSIGNED', 'ASSIGNED']"
354,2023-11-29,00:15:40,054,INFO,[ContainerLauncher #7] org.apache.hadoop.mapreduce.v2.app.launcher.ContainerLauncherImpl,Processing the event EventType: CONTAINER_REMOTE_LAUNCH for container container_1701142038763_0282_01_000012 taskAttempt attempt_1701142038763_0282_m_000009_0,36fc78d1,Processing the event EventType: <*> for container container_<*>_<*>_<*>_<*> taskAttempt <*>,"['CONTAINER_REMOTE_LAUNCH', '1701142038763', '0282_01_000012', 'attempt_1701142038763_0282_m_000009_0']"
355,2023-11-29,00:15:40,054,INFO,[ContainerLauncher #7] org.apache.hadoop.mapreduce.v2.app.launcher.ContainerLauncherImpl,Launching attempt_1701142038763_0282_m_000009_0,df347da1,Launching <*>,['attempt_1701142038763_0282_m_000009_0']
356,2023-11-29,00:15:40,064,INFO,[ContainerLauncher #7] org.apache.hadoop.mapreduce.v2.app.launcher.ContainerLauncherImpl,Shuffle port returned by ContainerManager for attempt_1701142038763_0282_m_000009_0 : 13562,f4ac93f2,Shuffle port returned by ContainerManager for <*> : <*>,"['attempt_1701142038763_0282_m_000009_0', '13562']"
357,2023-11-29,00:15:40,064,INFO,[AsyncDispatcher event handler] org.apache.hadoop.mapreduce.v2.app.job.impl.TaskAttemptImpl,TaskAttempt: [attempt_1701142038763_0282_m_000009_0] using containerId: [container_1701142038763_0282_01_000012 on NM: [2f08f873c798:37279],97232dd5,TaskAttempt: <*> using containerId: [container_<*>_<*>_<*>_<*> on NM: <*>,"['[attempt_1701142038763_0282_m_000009_0]', '1701142038763', '0282_01_000012', '[2f08f873c798:37279]']"
358,2023-11-29,00:15:40,064,INFO,[AsyncDispatcher event handler] org.apache.hadoop.mapreduce.v2.app.job.impl.TaskAttemptImpl,attempt_1701142038763_0282_m_000009_0 TaskAttempt Transitioned from ASSIGNED to RUNNING,590bd861,attempt_<*>_<*>_m_<*>_<*> TaskAttempt Transitioned from <*> to <*>,"['1701142038763_0282', '000009_0', 'ASSIGNED', 'RUNNING']"
359,2023-11-29,00:15:40,065,INFO,[AsyncDispatcher event handler] org.apache.hadoop.mapreduce.v2.app.speculate.DefaultSpeculator,ATTEMPT_START task_1701142038763_0282_m_000009,e215e532,ATTEMPT_START <*>,['task_1701142038763_0282_m_000009']
360,2023-11-29,00:15:40,065,INFO,[AsyncDispatcher event handler] org.apache.hadoop.mapreduce.v2.app.job.impl.TaskImpl,task_1701142038763_0282_m_000009 Task Transitioned from SCHEDULED to RUNNING,d231a1af,task_<*>_<*>_m_<*> Task Transitioned from <*> to <*>,"['1701142038763_0282', '000009', 'SCHEDULED', 'RUNNING']"
361,2023-11-29,00:15:40,304,INFO,[IPC Server handler 8 on default port 45763] org.apache.hadoop.mapred.TaskAttemptListenerImpl,MapCompletionEvents request from attempt_1701142038763_0282_r_000000_0. startIndex 7 maxEvents 10000,f13d7a4d,MapCompletionEvents request from attempt_<*>_<*>_r_<*>_<*>. startIndex <*> maxEvents <*>,"['1701142038763_0282', '000000_0', '7', '10000']"
362,2023-11-29,00:15:40,361,INFO,[Socket Reader #1 for port 0] SecurityLogger.org.apache.hadoop.ipc.Server,Auth successful for job_1701142038763_0282 (auth:SIMPLE) from cf6e5ca2712c:47902 / 192.161.20.5:47902,d8c9fc3d,Auth successful for job_<*>_<*> (auth:SIMPLE) from <*> / <*>,"['1701142038763_0282', 'cf6e5ca2712c:47902', '192.161.20.5:47902']"
363,2023-11-29,00:15:40,377,INFO,[IPC Server handler 12 on default port 45763] org.apache.hadoop.mapred.TaskAttemptListenerImpl,JVM with ID : jvm_1701142038763_0282_m_000013 asked for a task,60675cee,JVM with ID : <*> asked for a task,['jvm_1701142038763_0282_m_000013']
364,2023-11-29,00:15:40,377,INFO,[IPC Server handler 12 on default port 45763] org.apache.hadoop.mapred.TaskAttemptListenerImpl,JVM with ID: jvm_1701142038763_0282_m_000013 given task: attempt_1701142038763_0282_m_000008_0,2a1c144a,JVM with ID: <*> given task: <*>,"['jvm_1701142038763_0282_m_000013', 'attempt_1701142038763_0282_m_000008_0']"
365,2023-11-29,00:15:41,053,INFO,[RMCommunicator Allocator] org.apache.hadoop.mapreduce.v2.app.rm.RMContainerRequestor,"getResources() for application_1701142038763_0282: ask=5 release= 0 newContainers=0 finishedContainers=0 resourcelimit=<memory:2048, vCores:19> knownNMs=3",6d3d97fc,"getResources() for application_<*>_<*>: ask=<*> release= <*> newContainers=<*> finishedContainers=<*> resourcelimit=<memory:<*>, vCores:<*>> knownNMs=<*>","['1701142038763_0282', '5', '0', '0', '0', '2048', '19>', '3']"
366,2023-11-29,00:15:41,267,INFO,[Socket Reader #1 for port 0] SecurityLogger.org.apache.hadoop.ipc.Server,Auth successful for job_1701142038763_0282 (auth:SIMPLE) from 2f08f873c798:43934 / 192.161.20.17:43934,d8c9fc3d,Auth successful for job_<*>_<*> (auth:SIMPLE) from <*> / <*>,"['1701142038763_0282', '2f08f873c798:43934', '192.161.20.17:43934']"
367,2023-11-29,00:15:41,277,INFO,[IPC Server handler 6 on default port 45763] org.apache.hadoop.mapred.TaskAttemptListenerImpl,JVM with ID : jvm_1701142038763_0282_m_000012 asked for a task,60675cee,JVM with ID : <*> asked for a task,['jvm_1701142038763_0282_m_000012']
368,2023-11-29,00:15:41,278,INFO,[IPC Server handler 6 on default port 45763] org.apache.hadoop.mapred.TaskAttemptListenerImpl,JVM with ID: jvm_1701142038763_0282_m_000012 given task: attempt_1701142038763_0282_m_000009_0,2a1c144a,JVM with ID: <*> given task: <*>,"['jvm_1701142038763_0282_m_000012', 'attempt_1701142038763_0282_m_000009_0']"
369,2023-11-29,00:15:41,309,INFO,[IPC Server handler 14 on default port 45763] org.apache.hadoop.mapred.TaskAttemptListenerImpl,MapCompletionEvents request from attempt_1701142038763_0282_r_000000_0. startIndex 8 maxEvents 10000,f13d7a4d,MapCompletionEvents request from attempt_<*>_<*>_r_<*>_<*>. startIndex <*> maxEvents <*>,"['1701142038763_0282', '000000_0', '8', '10000']"
370,2023-11-29,00:15:41,516,INFO,[IPC Server handler 11 on default port 45763] org.apache.hadoop.mapred.TaskAttemptListenerImpl,Progress of TaskAttempt attempt_1701142038763_0282_m_000008_0 is : 0.0,b53b8ef4,Progress of TaskAttempt <*> is : <*>.<*>,"['attempt_1701142038763_0282_m_000008_0', '0.0']"
371,2023-11-29,00:15:41,567,INFO,[IPC Server handler 10 on default port 45763] org.apache.hadoop.mapred.TaskAttemptListenerImpl,Progress of TaskAttempt attempt_1701142038763_0282_m_000008_0 is : 1.0,b53b8ef4,Progress of TaskAttempt <*> is : <*>.<*>,"['attempt_1701142038763_0282_m_000008_0', '1.0']"
372,2023-11-29,00:15:41,570,INFO,[IPC Server handler 18 on default port 45763] org.apache.hadoop.mapred.TaskAttemptListenerImpl,Done acknowledgment from attempt_1701142038763_0282_m_000008_0,6995e31f,Done acknowledgment from <*>,['attempt_1701142038763_0282_m_000008_0']
373,2023-11-29,00:15:41,572,INFO,[AsyncDispatcher event handler] org.apache.hadoop.mapreduce.v2.app.job.impl.TaskAttemptImpl,attempt_1701142038763_0282_m_000008_0 TaskAttempt Transitioned from RUNNING to SUCCESS_FINISHING_CONTAINER,590bd861,attempt_<*>_<*>_m_<*>_<*> TaskAttempt Transitioned from <*> to <*>,"['1701142038763_0282', '000008_0', 'RUNNING', 'SUCCESS_FINISHING_CONTAINER']"
374,2023-11-29,00:15:41,572,INFO,[AsyncDispatcher event handler] org.apache.hadoop.mapreduce.v2.app.job.impl.TaskImpl,Task succeeded with attempt attempt_1701142038763_0282_m_000008_0,007ded00,Task succeeded with attempt <*>,['attempt_1701142038763_0282_m_000008_0']
375,2023-11-29,00:15:41,572,INFO,[AsyncDispatcher event handler] org.apache.hadoop.mapreduce.v2.app.job.impl.TaskImpl,task_1701142038763_0282_m_000008 Task Transitioned from RUNNING to SUCCEEDED,d231a1af,task_<*>_<*>_m_<*> Task Transitioned from <*> to <*>,"['1701142038763_0282', '000008', 'RUNNING', 'SUCCEEDED']"
376,2023-11-29,00:15:41,573,INFO,[AsyncDispatcher event handler] org.apache.hadoop.mapreduce.v2.app.job.impl.JobImpl,Num completed Tasks: 9,3a2741bf,Num completed Tasks: <*>,['9']
377,2023-11-29,00:15:42,054,INFO,[RMCommunicator Allocator] org.apache.hadoop.mapreduce.v2.app.rm.RMContainerAllocator,Before Scheduling: PendingReds:0 ScheduledMaps:0 ScheduledReds:0 AssignedMaps:2 AssignedReds:1 CompletedMaps:9 CompletedReds:0 ContAlloc:11 ContRel:0 HostLocal:10 RackLocal:0,f3cfcdcd,Before Scheduling: PendingReds:<*> ScheduledMaps:<*> ScheduledReds:<*> AssignedMaps:<*> AssignedReds:<*> CompletedMaps:<*> CompletedReds:<*> ContAlloc:<*> ContRel:<*> HostLocal:<*> RackLocal:<*>,"['0', '0', '0', '2', '1', '9', '0', '11', '0', '10', '0']"
378,2023-11-29,00:15:42,056,INFO,[RMCommunicator Allocator] org.apache.hadoop.mapreduce.v2.app.rm.RMContainerAllocator,Received completed container container_1701142038763_0282_01_000013,279694a4,Received completed container container_<*>_<*>_<*>_<*>,"['1701142038763', '0282_01_000013']"
379,2023-11-29,00:15:42,056,INFO,[RMCommunicator Allocator] org.apache.hadoop.mapreduce.v2.app.rm.RMContainerAllocator,After Scheduling: PendingReds:0 ScheduledMaps:0 ScheduledReds:0 AssignedMaps:1 AssignedReds:1 CompletedMaps:9 CompletedReds:0 ContAlloc:11 ContRel:0 HostLocal:10 RackLocal:0,b1bdc9c9,After Scheduling: PendingReds:<*> ScheduledMaps:<*> ScheduledReds:<*> AssignedMaps:<*> AssignedReds:<*> CompletedMaps:<*> CompletedReds:<*> ContAlloc:<*> ContRel:<*> HostLocal:<*> RackLocal:<*>,"['0', '0', '0', '1', '1', '9', '0', '11', '0', '10', '0']"
380,2023-11-29,00:15:42,056,INFO,[AsyncDispatcher event handler] org.apache.hadoop.mapreduce.v2.app.job.impl.TaskAttemptImpl,Diagnostics report from attempt_1701142038763_0282_m_000008_0:,cdaa1ea7,Diagnostics report from attempt_<*>_<*>_m_<*>_<*>:,"['1701142038763_0282', '000008_0']"
381,2023-11-29,00:15:42,056,INFO,[AsyncDispatcher event handler] org.apache.hadoop.mapreduce.v2.app.job.impl.TaskAttemptImpl,attempt_1701142038763_0282_m_000008_0 TaskAttempt Transitioned from SUCCESS_FINISHING_CONTAINER to SUCCEEDED,590bd861,attempt_<*>_<*>_m_<*>_<*> TaskAttempt Transitioned from <*> to <*>,"['1701142038763_0282', '000008_0', 'SUCCESS_FINISHING_CONTAINER', 'SUCCEEDED']"
382,2023-11-29,00:15:42,056,INFO,[ContainerLauncher #1] org.apache.hadoop.mapreduce.v2.app.launcher.ContainerLauncherImpl,Processing the event EventType: CONTAINER_COMPLETED for container container_1701142038763_0282_01_000013 taskAttempt attempt_1701142038763_0282_m_000008_0,36fc78d1,Processing the event EventType: <*> for container container_<*>_<*>_<*>_<*> taskAttempt <*>,"['CONTAINER_COMPLETED', '1701142038763', '0282_01_000013', 'attempt_1701142038763_0282_m_000008_0']"
383,2023-11-29,00:15:42,312,INFO,[IPC Server handler 12 on default port 45763] org.apache.hadoop.mapred.TaskAttemptListenerImpl,MapCompletionEvents request from attempt_1701142038763_0282_r_000000_0. startIndex 8 maxEvents 10000,f13d7a4d,MapCompletionEvents request from attempt_<*>_<*>_r_<*>_<*>. startIndex <*> maxEvents <*>,"['1701142038763_0282', '000000_0', '8', '10000']"
384,2023-11-29,00:15:42,335,INFO,[IPC Server handler 9 on default port 45763] org.apache.hadoop.mapred.TaskAttemptListenerImpl,Progress of TaskAttempt attempt_1701142038763_0282_m_000009_0 is : 0.0,b53b8ef4,Progress of TaskAttempt <*> is : <*>.<*>,"['attempt_1701142038763_0282_m_000009_0', '0.0']"
385,2023-11-29,00:15:42,583,INFO,[IPC Server handler 17 on default port 45763] org.apache.hadoop.mapred.TaskAttemptListenerImpl,Progress of TaskAttempt attempt_1701142038763_0282_m_000009_0 is : 1.0,b53b8ef4,Progress of TaskAttempt <*> is : <*>.<*>,"['attempt_1701142038763_0282_m_000009_0', '1.0']"
386,2023-11-29,00:15:42,588,INFO,[IPC Server handler 16 on default port 45763] org.apache.hadoop.mapred.TaskAttemptListenerImpl,Done acknowledgment from attempt_1701142038763_0282_m_000009_0,6995e31f,Done acknowledgment from <*>,['attempt_1701142038763_0282_m_000009_0']
387,2023-11-29,00:15:42,589,INFO,[AsyncDispatcher event handler] org.apache.hadoop.mapreduce.v2.app.job.impl.TaskAttemptImpl,attempt_1701142038763_0282_m_000009_0 TaskAttempt Transitioned from RUNNING to SUCCESS_FINISHING_CONTAINER,590bd861,attempt_<*>_<*>_m_<*>_<*> TaskAttempt Transitioned from <*> to <*>,"['1701142038763_0282', '000009_0', 'RUNNING', 'SUCCESS_FINISHING_CONTAINER']"
388,2023-11-29,00:15:42,589,INFO,[AsyncDispatcher event handler] org.apache.hadoop.mapreduce.v2.app.job.impl.TaskImpl,Task succeeded with attempt attempt_1701142038763_0282_m_000009_0,007ded00,Task succeeded with attempt <*>,['attempt_1701142038763_0282_m_000009_0']
389,2023-11-29,00:15:42,589,INFO,[AsyncDispatcher event handler] org.apache.hadoop.mapreduce.v2.app.job.impl.TaskImpl,task_1701142038763_0282_m_000009 Task Transitioned from RUNNING to SUCCEEDED,d231a1af,task_<*>_<*>_m_<*> Task Transitioned from <*> to <*>,"['1701142038763_0282', '000009', 'RUNNING', 'SUCCEEDED']"
390,2023-11-29,00:15:42,590,INFO,[AsyncDispatcher event handler] org.apache.hadoop.mapreduce.v2.app.job.impl.JobImpl,Num completed Tasks: 10,3a2741bf,Num completed Tasks: <*>,['10']
391,2023-11-29,00:15:43,056,INFO,[RMCommunicator Allocator] org.apache.hadoop.mapreduce.v2.app.rm.RMContainerAllocator,Before Scheduling: PendingReds:0 ScheduledMaps:0 ScheduledReds:0 AssignedMaps:1 AssignedReds:1 CompletedMaps:10 CompletedReds:0 ContAlloc:11 ContRel:0 HostLocal:10 RackLocal:0,f3cfcdcd,Before Scheduling: PendingReds:<*> ScheduledMaps:<*> ScheduledReds:<*> AssignedMaps:<*> AssignedReds:<*> CompletedMaps:<*> CompletedReds:<*> ContAlloc:<*> ContRel:<*> HostLocal:<*> RackLocal:<*>,"['0', '0', '0', '1', '1', '10', '0', '11', '0', '10', '0']"
392,2023-11-29,00:15:43,060,INFO,[RMCommunicator Allocator] org.apache.hadoop.mapreduce.v2.app.rm.RMContainerAllocator,Received completed container container_1701142038763_0282_01_000012,279694a4,Received completed container container_<*>_<*>_<*>_<*>,"['1701142038763', '0282_01_000012']"
393,2023-11-29,00:15:43,060,INFO,[AsyncDispatcher event handler] org.apache.hadoop.mapreduce.v2.app.job.impl.TaskAttemptImpl,Diagnostics report from attempt_1701142038763_0282_m_000009_0:,cdaa1ea7,Diagnostics report from attempt_<*>_<*>_m_<*>_<*>:,"['1701142038763_0282', '000009_0']"
394,2023-11-29,00:15:43,061,INFO,[RMCommunicator Allocator] org.apache.hadoop.mapreduce.v2.app.rm.RMContainerAllocator,After Scheduling: PendingReds:0 ScheduledMaps:0 ScheduledReds:0 AssignedMaps:0 AssignedReds:1 CompletedMaps:10 CompletedReds:0 ContAlloc:11 ContRel:0 HostLocal:10 RackLocal:0,b1bdc9c9,After Scheduling: PendingReds:<*> ScheduledMaps:<*> ScheduledReds:<*> AssignedMaps:<*> AssignedReds:<*> CompletedMaps:<*> CompletedReds:<*> ContAlloc:<*> ContRel:<*> HostLocal:<*> RackLocal:<*>,"['0', '0', '0', '0', '1', '10', '0', '11', '0', '10', '0']"
395,2023-11-29,00:15:43,061,INFO,[AsyncDispatcher event handler] org.apache.hadoop.mapreduce.v2.app.job.impl.TaskAttemptImpl,attempt_1701142038763_0282_m_000009_0 TaskAttempt Transitioned from SUCCESS_FINISHING_CONTAINER to SUCCEEDED,590bd861,attempt_<*>_<*>_m_<*>_<*> TaskAttempt Transitioned from <*> to <*>,"['1701142038763_0282', '000009_0', 'SUCCESS_FINISHING_CONTAINER', 'SUCCEEDED']"
396,2023-11-29,00:15:43,061,INFO,[ContainerLauncher #9] org.apache.hadoop.mapreduce.v2.app.launcher.ContainerLauncherImpl,Processing the event EventType: CONTAINER_COMPLETED for container container_1701142038763_0282_01_000012 taskAttempt attempt_1701142038763_0282_m_000009_0,36fc78d1,Processing the event EventType: <*> for container container_<*>_<*>_<*>_<*> taskAttempt <*>,"['CONTAINER_COMPLETED', '1701142038763', '0282_01_000012', 'attempt_1701142038763_0282_m_000009_0']"
397,2023-11-29,00:15:43,318,INFO,[IPC Server handler 9 on default port 45763] org.apache.hadoop.mapred.TaskAttemptListenerImpl,MapCompletionEvents request from attempt_1701142038763_0282_r_000000_0. startIndex 9 maxEvents 10000,f13d7a4d,MapCompletionEvents request from attempt_<*>_<*>_r_<*>_<*>. startIndex <*> maxEvents <*>,"['1701142038763_0282', '000000_0', '9', '10000']"
398,2023-11-29,00:15:43,343,INFO,[IPC Server handler 11 on default port 45763] org.apache.hadoop.mapred.TaskAttemptListenerImpl,Progress of TaskAttempt attempt_1701142038763_0282_r_000000_0 is : 0.0,b53b8ef4,Progress of TaskAttempt <*> is : <*>.<*>,"['attempt_1701142038763_0282_r_000000_0', '0.0']"
399,2023-11-29,00:15:43,634,INFO,[IPC Server handler 21 on default port 45763] org.apache.hadoop.mapred.TaskAttemptListenerImpl,Commit-pending state update from attempt_1701142038763_0282_r_000000_0,cb2920ef,Commit-pending state update from attempt_<*>_<*>_r_<*>_<*>,"['1701142038763_0282', '000000_0']"
400,2023-11-29,00:15:43,635,INFO,[AsyncDispatcher event handler] org.apache.hadoop.mapreduce.v2.app.job.impl.TaskAttemptImpl,attempt_1701142038763_0282_r_000000_0 TaskAttempt Transitioned from RUNNING to COMMIT_PENDING,500abf63,attempt_<*>_<*>_r_<*>_<*> TaskAttempt Transitioned from <*> to <*>,"['1701142038763_0282', '000000_0', 'RUNNING', 'COMMIT_PENDING']"
401,2023-11-29,00:15:43,635,INFO,[AsyncDispatcher event handler] org.apache.hadoop.mapreduce.v2.app.job.impl.TaskImpl,attempt_1701142038763_0282_r_000000_0 given a go for committing the task output.,7fa51f52,attempt_<*>_<*>_r_<*>_<*> given a go for committing the task output.,"['1701142038763_0282', '000000_0']"
402,2023-11-29,00:15:43,637,INFO,[IPC Server handler 15 on default port 45763] org.apache.hadoop.mapred.TaskAttemptListenerImpl,Commit go/no-go request from attempt_1701142038763_0282_r_000000_0,1674f7e3,Commit go/no-go request from attempt_<*>_<*>_r_<*>_<*>,"['1701142038763_0282', '000000_0']"
403,2023-11-29,00:15:43,638,INFO,[IPC Server handler 15 on default port 45763] org.apache.hadoop.mapreduce.v2.app.job.impl.TaskImpl,Result of canCommit for attempt_1701142038763_0282_r_000000_0:true,bca3d632,Result of canCommit for attempt_<*>_<*>_r_<*>_<*>:true,"['1701142038763_0282', '000000_0']"
404,2023-11-29,00:15:43,663,INFO,[IPC Server handler 19 on default port 45763] org.apache.hadoop.mapred.TaskAttemptListenerImpl,Progress of TaskAttempt attempt_1701142038763_0282_r_000000_0 is : 1.0,b53b8ef4,Progress of TaskAttempt <*> is : <*>.<*>,"['attempt_1701142038763_0282_r_000000_0', '1.0']"
405,2023-11-29,00:15:43,669,INFO,[IPC Server handler 20 on default port 45763] org.apache.hadoop.mapred.TaskAttemptListenerImpl,Done acknowledgment from attempt_1701142038763_0282_r_000000_0,6995e31f,Done acknowledgment from <*>,['attempt_1701142038763_0282_r_000000_0']
406,2023-11-29,00:15:43,672,INFO,[AsyncDispatcher event handler] org.apache.hadoop.mapreduce.v2.app.job.impl.TaskAttemptImpl,attempt_1701142038763_0282_r_000000_0 TaskAttempt Transitioned from COMMIT_PENDING to SUCCESS_FINISHING_CONTAINER,500abf63,attempt_<*>_<*>_r_<*>_<*> TaskAttempt Transitioned from <*> to <*>,"['1701142038763_0282', '000000_0', 'COMMIT_PENDING', 'SUCCESS_FINISHING_CONTAINER']"
407,2023-11-29,00:15:43,673,INFO,[AsyncDispatcher event handler] org.apache.hadoop.mapreduce.v2.app.job.impl.TaskImpl,Task succeeded with attempt attempt_1701142038763_0282_r_000000_0,007ded00,Task succeeded with attempt <*>,['attempt_1701142038763_0282_r_000000_0']
408,2023-11-29,00:15:43,673,INFO,[AsyncDispatcher event handler] org.apache.hadoop.mapreduce.v2.app.job.impl.TaskImpl,task_1701142038763_0282_r_000000 Task Transitioned from RUNNING to SUCCEEDED,a55d23fc,task_<*>_<*>_r_<*> Task Transitioned from <*> to <*>,"['1701142038763_0282', '000000', 'RUNNING', 'SUCCEEDED']"
409,2023-11-29,00:15:43,673,INFO,[AsyncDispatcher event handler] org.apache.hadoop.mapreduce.v2.app.job.impl.JobImpl,Num completed Tasks: 11,3a2741bf,Num completed Tasks: <*>,['11']
410,2023-11-29,00:15:43,674,INFO,[AsyncDispatcher event handler] org.apache.hadoop.mapreduce.v2.app.job.impl.JobImpl,job_1701142038763_0282Job Transitioned from RUNNING to COMMITTING,a2ced0ad,job_<*>_0282Job Transitioned from <*> to <*>,"['1701142038763', 'RUNNING', 'COMMITTING']"
411,2023-11-29,00:15:43,675,INFO,[CommitterEvent Processor #1] org.apache.hadoop.mapreduce.v2.app.commit.CommitterEventHandler,Processing the event EventType: JOB_COMMIT,8825a75c,Processing the event EventType: <*>,['JOB_COMMIT']
412,2023-11-29,00:15:43,708,INFO,[AsyncDispatcher event handler] org.apache.hadoop.mapreduce.v2.app.job.impl.JobImpl,Calling handler for JobFinishedEvent,81e00d20,Calling handler for JobFinishedEvent,[]
413,2023-11-29,00:15:43,710,INFO,[AsyncDispatcher event handler] org.apache.hadoop.mapreduce.v2.app.job.impl.JobImpl,job_1701142038763_0282Job Transitioned from COMMITTING to SUCCEEDED,a2ced0ad,job_<*>_0282Job Transitioned from <*> to <*>,"['1701142038763', 'COMMITTING', 'SUCCEEDED']"
414,2023-11-29,00:15:43,711,INFO,[Thread-90] org.apache.hadoop.mapreduce.v2.app.MRAppMaster,"Job finished cleanly, recording last MRAppMaster retry",ad1a35c9,"Job finished cleanly, recording last MRAppMaster retry",[]
415,2023-11-29,00:15:43,711,INFO,[Thread-90] org.apache.hadoop.mapreduce.v2.app.MRAppMaster,Notify RMCommunicator isAMLastRetry: true,5735d762,Notify <*> isAMLastRetry: true,['RMCommunicator']
416,2023-11-29,00:15:43,711,INFO,[Thread-90] org.apache.hadoop.mapreduce.v2.app.rm.RMCommunicator,RMCommunicator notified that shouldUnregistered is: true,b2ea851d,RMCommunicator notified that shouldUnregistered is: true,[]
417,2023-11-29,00:15:43,712,INFO,[Thread-90] org.apache.hadoop.mapreduce.v2.app.MRAppMaster,Notify JHEH isAMLastRetry: true,5735d762,Notify <*> isAMLastRetry: true,['JHEH']
418,2023-11-29,00:15:43,712,INFO,[Thread-90] org.apache.hadoop.mapreduce.jobhistory.JobHistoryEventHandler,JobHistoryEventHandler notified that forceJobCompletion is true,b288d94f,JobHistoryEventHandler notified that forceJobCompletion is true,[]
419,2023-11-29,00:15:43,712,INFO,[Thread-90] org.apache.hadoop.mapreduce.v2.app.MRAppMaster,Calling stop for all the services,2784eb31,Calling stop for all the services,[]
420,2023-11-29,00:15:43,714,INFO,[Thread-90] org.apache.hadoop.mapreduce.jobhistory.JobHistoryEventHandler,Stopping JobHistoryEventHandler. Size of the outstanding queue size is 0,c02382a8,Stopping JobHistoryEventHandler. Size of the outstanding queue size is <*>,['0']
421,2023-11-29,00:15:43,757,INFO,[eventHandlingThread] org.apache.hadoop.mapreduce.jobhistory.JobHistoryEventHandler,Copying hdfs://2f08f873c798:9000/tmp/hadoop-yarn/staging/root/.staging/job_1701142038763_0282/job_1701142038763_0282_1.jhist to hdfs://2f08f873c798:9000/tmp/hadoop-yarn/staging/history/done_intermediate/root/job_1701142038763_0282-1701188119355-root-word+count-1701188143703-10-1-SUCCEEDED-default-1701188126907.jhist_tmp,c1adc692,Copying <*> to <*>,"['hdfs://2f08f873c798:9000/tmp/hadoop-yarn/staging/root/.staging/job_1701142038763_0282/job_1701142038763_0282_1.jhist', 'hdfs://2f08f873c798:9000/tmp/hadoop-yarn/staging/history/done_intermediate/root/job_1701142038763_0282-1701188119355-root-word+count-1701188143703-10-1-SUCCEEDED-default-1701188126907.jhist_tmp']"
422,2023-11-29,00:15:43,791,INFO,[eventHandlingThread] org.apache.hadoop.mapreduce.jobhistory.JobHistoryEventHandler,Copied from: hdfs://2f08f873c798:9000/tmp/hadoop-yarn/staging/root/.staging/job_1701142038763_0282/job_1701142038763_0282_1.jhist to done location: hdfs://2f08f873c798:9000/tmp/hadoop-yarn/staging/history/done_intermediate/root/job_1701142038763_0282-1701188119355-root-word+count-1701188143703-10-1-SUCCEEDED-default-1701188126907.jhist_tmp,cf0a887f,Copied from: <*> to done location: <*>,"['hdfs://2f08f873c798:9000/tmp/hadoop-yarn/staging/root/.staging/job_1701142038763_0282/job_1701142038763_0282_1.jhist', 'hdfs://2f08f873c798:9000/tmp/hadoop-yarn/staging/history/done_intermediate/root/job_1701142038763_0282-1701188119355-root-word+count-1701188143703-10-1-SUCCEEDED-default-1701188126907.jhist_tmp']"
423,2023-11-29,00:15:43,792,INFO,[eventHandlingThread] org.apache.hadoop.mapreduce.jobhistory.JobHistoryEventHandler,Set historyUrl to http://2f08f873c798:19888/jobhistory/job/job_1701142038763_0282,51ab90db,Set historyUrl to http://2f08f873c798:<*>/jobhistory/job/job_<*>_<*>,"['19888', '1701142038763_0282']"
424,2023-11-29,00:15:43,793,INFO,[eventHandlingThread] org.apache.hadoop.mapreduce.jobhistory.JobHistoryEventHandler,Copying hdfs://2f08f873c798:9000/tmp/hadoop-yarn/staging/root/.staging/job_1701142038763_0282/job_1701142038763_0282_1_conf.xml to hdfs://2f08f873c798:9000/tmp/hadoop-yarn/staging/history/done_intermediate/root/job_1701142038763_0282_conf.xml_tmp,c1adc692,Copying <*> to <*>,"['hdfs://2f08f873c798:9000/tmp/hadoop-yarn/staging/root/.staging/job_1701142038763_0282/job_1701142038763_0282_1_conf.xml', 'hdfs://2f08f873c798:9000/tmp/hadoop-yarn/staging/history/done_intermediate/root/job_1701142038763_0282_conf.xml_tmp']"
425,2023-11-29,00:15:43,818,INFO,[eventHandlingThread] org.apache.hadoop.mapreduce.jobhistory.JobHistoryEventHandler,Copied from: hdfs://2f08f873c798:9000/tmp/hadoop-yarn/staging/root/.staging/job_1701142038763_0282/job_1701142038763_0282_1_conf.xml to done location: hdfs://2f08f873c798:9000/tmp/hadoop-yarn/staging/history/done_intermediate/root/job_1701142038763_0282_conf.xml_tmp,cf0a887f,Copied from: <*> to done location: <*>,"['hdfs://2f08f873c798:9000/tmp/hadoop-yarn/staging/root/.staging/job_1701142038763_0282/job_1701142038763_0282_1_conf.xml', 'hdfs://2f08f873c798:9000/tmp/hadoop-yarn/staging/history/done_intermediate/root/job_1701142038763_0282_conf.xml_tmp']"
426,2023-11-29,00:15:43,824,INFO,[eventHandlingThread] org.apache.hadoop.mapreduce.jobhistory.JobHistoryEventHandler,Moved tmp to done: hdfs://2f08f873c798:9000/tmp/hadoop-yarn/staging/history/done_intermediate/root/job_1701142038763_0282.summary_tmp to hdfs://2f08f873c798:9000/tmp/hadoop-yarn/staging/history/done_intermediate/root/job_1701142038763_0282.summary,cced3af1,Moved tmp to done: <*> to <*>,"['hdfs://2f08f873c798:9000/tmp/hadoop-yarn/staging/history/done_intermediate/root/job_1701142038763_0282.summary_tmp', 'hdfs://2f08f873c798:9000/tmp/hadoop-yarn/staging/history/done_intermediate/root/job_1701142038763_0282.summary']"
427,2023-11-29,00:15:43,826,INFO,[eventHandlingThread] org.apache.hadoop.mapreduce.jobhistory.JobHistoryEventHandler,Moved tmp to done: hdfs://2f08f873c798:9000/tmp/hadoop-yarn/staging/history/done_intermediate/root/job_1701142038763_0282_conf.xml_tmp to hdfs://2f08f873c798:9000/tmp/hadoop-yarn/staging/history/done_intermediate/root/job_1701142038763_0282_conf.xml,cced3af1,Moved tmp to done: <*> to <*>,"['hdfs://2f08f873c798:9000/tmp/hadoop-yarn/staging/history/done_intermediate/root/job_1701142038763_0282_conf.xml_tmp', 'hdfs://2f08f873c798:9000/tmp/hadoop-yarn/staging/history/done_intermediate/root/job_1701142038763_0282_conf.xml']"
428,2023-11-29,00:15:43,827,INFO,[eventHandlingThread] org.apache.hadoop.mapreduce.jobhistory.JobHistoryEventHandler,Moved tmp to done: hdfs://2f08f873c798:9000/tmp/hadoop-yarn/staging/history/done_intermediate/root/job_1701142038763_0282-1701188119355-root-word+count-1701188143703-10-1-SUCCEEDED-default-1701188126907.jhist_tmp to hdfs://2f08f873c798:9000/tmp/hadoop-yarn/staging/history/done_intermediate/root/job_1701142038763_0282-1701188119355-root-word+count-1701188143703-10-1-SUCCEEDED-default-1701188126907.jhist,cced3af1,Moved tmp to done: <*> to <*>,"['hdfs://2f08f873c798:9000/tmp/hadoop-yarn/staging/history/done_intermediate/root/job_1701142038763_0282-1701188119355-root-word+count-1701188143703-10-1-SUCCEEDED-default-1701188126907.jhist_tmp', 'hdfs://2f08f873c798:9000/tmp/hadoop-yarn/staging/history/done_intermediate/root/job_1701142038763_0282-1701188119355-root-word+count-1701188143703-10-1-SUCCEEDED-default-1701188126907.jhist']"
429,2023-11-29,00:15:43,828,INFO,[Thread-90] org.apache.hadoop.mapreduce.jobhistory.JobHistoryEventHandler,Stopped JobHistoryEventHandler. super.stop(),6de59625,Stopped JobHistoryEventHandler. super.stop(),[]
430,2023-11-29,00:15:43,830,INFO,[Thread-90] org.apache.hadoop.mapreduce.v2.app.launcher.ContainerLauncherImpl,KILLING attempt_1701142038763_0282_r_000000_0,c0ef3cfb,KILLING attempt_<*>_<*>_r_<*>_<*>,"['1701142038763_0282', '000000_0']"
431,2023-11-29,00:15:43,850,INFO,[AsyncDispatcher event handler] org.apache.hadoop.mapreduce.v2.app.job.impl.TaskAttemptImpl,attempt_1701142038763_0282_r_000000_0 TaskAttempt Transitioned from SUCCESS_FINISHING_CONTAINER to SUCCEEDED,500abf63,attempt_<*>_<*>_r_<*>_<*> TaskAttempt Transitioned from <*> to <*>,"['1701142038763_0282', '000000_0', 'SUCCESS_FINISHING_CONTAINER', 'SUCCEEDED']"
432,2023-11-29,00:15:43,856,INFO,[Thread-90] org.apache.hadoop.mapreduce.v2.app.rm.RMCommunicator,Setting job diagnostics to,9ae352d7,Setting job diagnostics to,[]
433,2023-11-29,00:15:43,856,INFO,[Thread-90] org.apache.hadoop.mapreduce.v2.app.rm.RMCommunicator,History url is http://2f08f873c798:19888/jobhistory/job/job_1701142038763_0282,8d0598d3,History url is http://2f08f873c798:<*>/jobhistory/job/job_<*>_<*>,"['19888', '1701142038763_0282']"
434,2023-11-29,00:15:43,867,INFO,[Thread-90] org.apache.hadoop.mapreduce.v2.app.rm.RMCommunicator,Waiting for application to be successfully unregistered.,fd178178,Waiting for application to be successfully unregistered.,[]
435,2023-11-29,00:15:44,868,INFO,[Thread-90] org.apache.hadoop.mapreduce.v2.app.rm.RMContainerAllocator,Final Stats: PendingReds:0 ScheduledMaps:0 ScheduledReds:0 AssignedMaps:0 AssignedReds:1 CompletedMaps:10 CompletedReds:0 ContAlloc:11 ContRel:0 HostLocal:10 RackLocal:0,f88b4e72,Final Stats: PendingReds:<*> ScheduledMaps:<*> ScheduledReds:<*> AssignedMaps:<*> AssignedReds:<*> CompletedMaps:<*> CompletedReds:<*> ContAlloc:<*> ContRel:<*> HostLocal:<*> RackLocal:<*>,"['0', '0', '0', '0', '1', '10', '0', '11', '0', '10', '0']"
436,2023-11-29,00:15:44,872,INFO,[Thread-90] org.apache.hadoop.mapreduce.v2.app.MRAppMaster,Deleting staging directory hdfs://2f08f873c798:9000 /tmp/hadoop-yarn/staging/root/.staging/job_1701142038763_0282,3b7f8573,Deleting staging directory hdfs://2f08f873c798:<*> /tmp/hadoop-yarn/staging/root/.staging/job_<*>_<*>,"['9000', '1701142038763_0282']"
437,2023-11-29,00:15:44,875,INFO,[Thread-90] org.apache.hadoop.ipc.Server,Stopping server on 45763,fa5d86c2,Stopping server on <*>,['45763']
438,2023-11-29,00:15:44,878,INFO,[IPC Server listener on 0] org.apache.hadoop.ipc.Server,Stopping IPC Server listener on 0,da6217eb,Stopping IPC Server listener on <*>,['0']
439,2023-11-29,00:15:44,880,INFO,[IPC Server Responder] org.apache.hadoop.ipc.Server,Stopping IPC Server Responder,8429e6cc,Stopping IPC Server Responder,[]
440,2023-11-29,00:15:44,884,INFO,[TaskHeartbeatHandler PingChecker] org.apache.hadoop.mapreduce.v2.app.TaskHeartbeatHandler,TaskHeartbeatHandler thread interrupted,f495a4dd,TaskHeartbeatHandler thread interrupted,[]
441,2023-11-29,00:15:44,886,INFO,[Ping Checker for TaskAttemptFinishingMonitor] org.apache.hadoop.yarn.util.AbstractLivelinessMonitor,TaskAttemptFinishingMonitor thread interrupted,4594e7ea,TaskAttemptFinishingMonitor thread interrupted,[]
442,2023-11-29,00:15:49,887,INFO,[Thread-90] org.apache.hadoop.ipc.Server,Stopping server on 42113,fa5d86c2,Stopping server on <*>,['42113']
443,2023-11-29,00:15:49,888,INFO,[IPC Server listener on 0] org.apache.hadoop.ipc.Server,Stopping IPC Server listener on 0,da6217eb,Stopping IPC Server listener on <*>,['0']
444,2023-11-29,00:15:49,888,INFO,[IPC Server Responder] org.apache.hadoop.ipc.Server,Stopping IPC Server Responder,8429e6cc,Stopping IPC Server Responder,[]
445,2023-11-29,00:15:49,895,INFO,[Thread-90] org.eclipse.jetty.server.handler.ContextHandler,"Stopped o.e.j.w.WebAppContext@553fbe94{mapreduce,/,null,STOPPED}{jar:file:/usr/local/revisedJQF/v8/hadoop-3.3.6/share/hadoop/yarn/hadoop-yarn-common-3.3.6.jar!/webapps/mapreduce}",38c92929,Stopped <*>,"['o.e.j.w.WebAppContext@553fbe94{mapreduce,/,null,STOPPED}{jar:file:/usr/local/revisedJQF/v8/hadoop-3.3.6/share/hadoop/yarn/hadoop-yarn-common-3.3.6.jar!/webapps/mapreduce}']"
446,2023-11-29,00:15:49,904,INFO,[Thread-90] org.eclipse.jetty.server.AbstractConnector,"Stopped ServerConnector@56c8e6f0{HTTP/1.1, (http/1.1)}{0.0.0.0:0}",493e29e2,"Stopped ServerConnector@56c8e6f0{HTTP/<*>.<*>, (http/<*>.<*>)}{<*>}","['1.1', '1.1', '0.0.0.0:0']"
447,2023-11-29,00:15:49,905,INFO,[Thread-90] org.eclipse.jetty.server.session,node0 Stopped scavenging,76d635f9,node0 Stopped scavenging,[]
448,2023-11-29,00:15:49,905,INFO,[Thread-90] org.eclipse.jetty.server.handler.ContextHandler,"Stopped o.e.j.s.ServletContextHandler@5be052ca{static,/static,jar:file:/usr/local/revisedJQF/v8/hadoop-3.3.6/share/hadoop/yarn/hadoop-yarn-common-3.3.6.jar!/webapps/static,STOPPED}",38c92929,Stopped <*>,"['o.e.j.s.ServletContextHandler@5be052ca{static,/static,jar:file:/usr/local/revisedJQF/v8/hadoop-3.3.6/share/hadoop/yarn/hadoop-yarn-common-3.3.6.jar!/webapps/static,STOPPED}']"
