0,1
0fcdc0c2,node0 Scavenging every 600000ms
dd35c99e,"Started ServerConnector@78fe204a{HTTP/<*>.<*>, (http/<*>.<*>)}{<*>}"
87527d59,"Stopped ServerConnector@78fe204a{HTTP/<*>.<*>, (http/<*>.<*>)}{<*>}"
